4,2,0,9,1,1,1,1.3657
4,2,0,10,4,4,1,0.92238
4,2,0,11,1,1,1,0.92952
4,2,0,12,2,2,1,1.0333
4,2,0,13,4,4,1,1.1718
4,2,0,14,1,1,1,0.82803
4,2,0,15,3,3,1,1.3194
4,2,0,16,3,3,1,1.3311
4,2,0,17,4,4,1,0.83839
4,2,0,18,3,3,1,0.93913
4,2,0,19,4,4,1,0.86109
4,2,0,20,2,2,1,1.1268
4,2,0,21,2,2,1,1.141
4,2,0,22,1,1,1,0.85903
4,2,0,23,4,4,1,1.1901
4,2,0,24,2,2,1,1.8627
4,2,0,25,1,1,1,0.9967
4,2,0,26,4,4,1,0.941
4,2,0,27,2,2,1,1.3227
4,2,0,28,1,1,1,0.70895
4,2,0,29,1,1,1,0.88718
4,2,0,30,1,1,1,0.72463
4,2,0,31,2,2,1,0.88012
4,2,0,32,3,3,1,0.91077
4,2,0,33,3,3,1,0.79597
4,2,0,34,1,1,1,0.95341
4,2,0,35,3,3,1,1.0055
4,2,0,36,4,4,1,0.78459
4,2,0,37,2,2,1,1.0836
4,2,0,38,2,2,1,1.1009
4,2,0,39,2,2,1,1.4486
4,2,0,40,4,4,1,0.99494
4,2,0,41,1,1,1,0.81148
4,2,0,42,4,4,1,0.78925
4,2,0,43,3,3,1,0.83217
4,2,0,44,4,4,1,0.61056
4,2,0,45,2,2,1,0.99327
4,2,0,46,3,3,1,0.78924
4,2,0,47,3,3,1,0.9427
4,2,0,48,3,3,1,0.62003
4,2,0,1,1,1,1,1.0248
4,2,0,2,2,2,1,0.98989
4,2,0,3,2,2,1,0.96206
4,2,0,4,4,4,1,0.76995
4,2,0,5,2,2,1,1.1808
4,2,0,6,2,2,1,1.1135
4,2,0,7,4,4,1,0.68343
4,2,0,8,1,1,1,0.81773
4,2,0,9,1,1,1,0.62488
4,2,0,10,4,4,1,0.63282
4,2,0,11,1,1,1,0.68442
4,2,0,12,3,3,1,1.0146
4,2,0,13,3,3,1,0.62335
4,2,0,14,3,3,1,0.91696
4,2,0,15,4,4,1,1.0748
4,2,0,16,3,3,1,0.66983
4,2,0,17,3,3,1,0.6794
4,2,0,18,4,4,1,0.55975
4,2,0,19,3,3,1,0.68392
4,2,0,20,1,1,1,0.86508
4,2,0,21,3,3,1,0.65774
4,2,0,22,3,3,1,0.68861
4,2,0,23,4,4,1,0.68484
4,2,0,24,3,3,1,0.68847
4,2,0,25,2,2,1,1.0913
4,2,0,26,1,1,1,0.65457
4,2,0,27,1,1,1,0.63478
4,2,0,28,4,4,1,0.65065
4,2,0,29,4,4,1,0.6183
4,2,0,30,2,2,1,0.88723
4,2,0,31,2,2,1,0.93638
4,2,0,32,4,3,0,1.0243
4,2,0,33,1,1,1,0.61803
4,2,0,34,2,2,1,1.723
4,2,0,35,1,1,1,0.64061
4,2,0,36,2,2,1,1.4524
4,2,0,37,3,3,1,0.84852
4,2,0,38,2,2,1,0.90684
4,2,0,39,4,4,1,0.70981
4,2,0,40,1,1,1,0.72753
4,2,0,1,2,2,1,1.0948
4,2,0,2,3,3,1,0.81836
4,2,0,3,1,1,1,0.86598
4,2,0,4,1,1,1,0.75712
4,2,0,5,2,2,1,1.0081
4,2,0,6,3,3,1,0.69235
4,2,0,7,3,3,1,1.0509
4,2,0,8,1,1,1,1.3603
4,2,0,9,1,1,1,0.72568
4,2,0,10,3,3,1,0.91378
4,2,0,11,2,2,1,0.91295
4,2,0,12,1,1,1,0.72209
4,2,0,13,1,1,1,0.71877
4,2,0,14,2,2,1,0.80466
4,2,0,15,4,4,1,1.1425
4,2,0,16,3,3,1,0.7592
4,2,0,17,3,3,1,0.66834
4,2,0,18,3,3,1,0.62142
4,2,0,19,4,4,1,0.61786
4,2,0,20,1,1,1,0.69221
4,2,0,21,4,4,1,0.58993
4,2,0,22,2,2,1,1.0119
4,2,0,23,3,4,0,0.52902
4,2,0,24,4,4,1,1.3374
4,2,0,25,2,2,1,1.2983
4,2,0,26,4,4,1,0.73137
4,2,0,27,4,4,1,0.62461
4,2,0,28,1,1,1,0.69919
4,2,0,29,2,2,1,1.1196
4,2,0,30,3,2,0,0.8446
4,2,0,31,3,3,1,0.73778
4,2,0,32,4,4,1,0.71633
4,2,0,33,4,4,1,0.72496
4,2,0,34,4,4,1,0.81733
4,2,0,35,2,2,1,1.6754
4,2,0,36,1,1,1,0.81482
4,2,0,37,2,2,1,0.97415
4,2,0,38,1,1,1,0.62721
4,2,0,39,4,3,0,0.99302
4,2,0,40,2,2,1,1.3022
4,2,0,1,3,3,1,1.1246
4,2,0,2,2,2,1,1.0512
4,2,0,3,4,4,1,0.65985
4,2,0,4,2,2,1,0.97975
4,2,0,5,3,3,1,1.2502
4,2,0,6,3,3,1,0.90892
4,2,0,7,1,1,1,1.0743
4,2,0,8,1,1,1,0.60732
4,2,0,9,4,4,1,0.69311
4,2,0,10,3,3,1,0.83428
4,2,0,11,1,1,1,0.94226
4,2,0,12,4,4,1,0.78193
4,2,0,13,2,2,1,1.5016
4,2,0,14,2,2,1,1.1712
4,2,0,15,4,4,1,0.79554
4,2,0,16,3,3,1,1.0776
4,2,0,17,1,1,1,0.92509
4,2,0,18,1,1,1,0.80752
4,2,0,19,4,4,1,0.91191
4,2,0,20,1,1,1,0.72459
4,2,0,21,2,2,1,1.2312
4,2,0,22,4,4,1,0.85225
4,2,0,23,2,2,1,0.85384
4,2,0,24,3,3,1,0.58509
4,2,0,25,1,1,1,0.79918
4,2,0,26,3,3,1,1.0801
4,2,0,27,4,4,1,0.91133
4,2,0,28,2,2,1,1.3098
4,2,0,29,2,2,1,1.2731
4,2,0,30,1,1,1,0.74407
4,2,0,31,2,2,1,1.1326
4,2,0,32,3,2,0,1.4021
4,2,0,33,1,1,1,0.88949
4,2,0,34,2,2,1,1.3764
4,2,0,35,3,3,1,0.76905
4,2,0,36,1,1,1,0.68717
4,2,0,37,4,4,1,1.1334
4,2,0,38,4,4,1,0.93648
4,2,0,39,3,3,1,0.96637
4,2,0,40,4,4,1,1.1293
4,2,0,1,4,4,1,0.98153
4,2,0,2,2,2,1,1.5765
4,2,0,3,4,4,1,0.8774
4,2,0,4,4,4,1,2.2163
4,2,0,5,1,1,1,0.95201
4,2,0,6,4,4,1,0.88714
4,2,0,7,4,4,1,1.2962
4,2,0,8,4,4,1,1.0326
4,2,0,9,2,2,1,1.7942
4,2,0,10,1,1,1,0.81412
4,2,0,11,1,1,1,0.5973
4,2,0,12,2,2,1,1.0334
4,2,0,13,4,4,1,0.85055
4,2,0,14,2,2,1,1.3593
4,2,0,15,1,1,1,0.65824
4,2,0,16,1,1,1,0.66049
4,2,0,17,3,3,1,1.2867
4,2,0,18,4,4,1,0.65932
4,2,0,19,2,2,1,0.87971
4,2,0,20,2,2,1,0.80448
4,2,0,21,3,3,1,0.70647
4,2,0,22,3,3,1,0.75636
4,2,0,23,2,2,1,0.74163
4,2,0,24,3,3,1,1.0101
4,2,0,25,1,1,1,0.87327
4,2,0,26,3,3,1,0.7434
4,2,0,27,3,3,1,0.74795
4,2,0,28,3,3,1,0.66032
4,2,0,29,1,1,1,0.99994
4,2,0,30,3,3,1,0.92668
4,2,0,31,1,1,1,0.90323
4,2,0,32,2,4,0,1.0367
4,2,0,33,3,3,1,0.97067
4,2,0,34,3,3,1,0.85989
4,2,0,35,2,2,1,0.72742
4,2,0,36,1,1,1,0.94237
4,2,0,37,1,1,1,0.66923
4,2,0,38,2,2,1,0.90356
4,2,0,39,4,4,1,0.75756
4,2,0,40,4,4,1,0.81566
4,2,0,1,2,2,1,1.037
4,2,0,2,2,2,1,1.0298
4,2,0,3,2,2,1,0.71329
4,2,0,4,4,4,1,0.72295
4,2,0,5,1,1,1,0.7386
4,2,0,6,4,4,1,0.7646
4,2,0,7,3,3,1,0.99207
4,2,0,8,4,4,1,0.71411
4,2,0,9,1,1,1,0.71267
4,2,0,10,4,4,1,0.8737
4,2,0,11,4,4,1,0.79947
4,2,0,12,4,4,1,0.64162
4,2,0,13,2,2,1,1.0977
4,2,0,14,3,3,1,0.86275
4,2,0,15,1,1,1,0.71506
4,2,0,16,2,2,1,1.2254
4,2,0,17,3,3,1,0.86031
4,2,0,18,1,1,1,0.77998
4,2,0,19,4,4,1,0.94103
4,2,0,20,1,1,1,0.66241
4,2,0,21,1,1,1,0.67952
4,2,0,22,1,1,1,0.99053
4,2,0,23,2,2,1,0.98792
4,2,0,24,3,3,1,0.82784
4,2,0,25,3,3,1,0.80658
4,2,0,26,1,1,1,0.69803
4,2,0,27,2,2,1,0.90951
4,2,0,28,4,4,1,0.9835
4,2,0,29,4,4,1,0.84596
4,2,0,30,3,3,1,0.96214
4,2,0,31,3,3,1,1.1536
4,2,0,32,4,4,1,0.88444
4,2,0,33,2,2,1,1.3216
4,2,0,34,2,2,1,1.1618
4,2,0,35,3,3,1,0.84041
4,2,0,36,3,3,1,0.73713
4,2,0,37,3,3,1,0.73436
4,2,0,38,1,1,1,0.70489
4,2,0,39,2,2,1,1.0552
4,2,0,40,1,1,1,0.65823
4,2,0,1,1,1,1,0.84134
4,2,0,2,1,1,1,0.73119
4,2,0,3,4,4,1,1.4733
4,2,0,4,4,4,1,0.64474
4,2,0,5,4,4,1,0.7826
4,2,0,6,3,3,1,1.9502
4,2,0,7,3,3,1,0.75496
4,2,0,8,3,3,1,0.67888
4,2,0,9,2,2,1,0.78221
4,2,0,10,1,1,1,0.70049
4,2,0,11,4,4,1,0.59
4,2,0,12,2,2,1,0.83133
4,2,0,13,1,1,1,0.72418
4,2,0,14,4,4,1,1.008
4,2,0,15,2,2,1,0.76459
4,2,0,16,3,3,1,0.97277
4,2,0,17,4,4,1,0.68227
4,2,0,18,1,1,1,0.80597
4,2,0,19,1,1,1,0.67887
4,2,0,20,2,2,1,0.95248
4,2,0,21,3,3,1,1.064
4,2,0,22,3,3,1,1.0889
4,2,0,23,2,2,1,0.84967
4,2,0,24,1,1,1,0.67932
4,2,0,25,1,1,1,0.58139
4,2,0,26,4,4,1,0.56515
4,2,0,27,2,2,1,0.80471
4,2,0,28,1,1,1,0.56387
4,2,0,29,3,3,1,0.68203
4,2,0,30,1,1,1,0.80098
4,2,0,31,4,4,1,0.71771
4,2,0,32,2,2,1,1.3223
4,2,0,33,2,2,1,0.58067
4,2,0,34,3,3,1,0.88606
4,2,0,35,3,3,1,0.57166
4,2,0,36,4,4,1,0.60085
4,2,0,37,2,2,1,0.83038
4,2,0,38,4,4,1,0.68408
4,2,0,39,2,2,1,0.93141
4,2,0,40,3,3,1,0.61806
4,2,0,1,4,4,1,1.2035
4,2,0,2,2,2,1,1.1927
4,2,0,3,3,3,1,0.8116
4,2,0,4,3,3,1,0.66269
4,2,0,5,3,3,1,0.59102
4,2,0,6,2,2,1,1.0843
4,2,0,7,3,3,1,1.1247
4,2,0,8,4,4,1,0.7617
4,2,0,9,1,1,1,0.89438
4,2,0,10,3,3,1,0.79956
4,2,0,11,4,4,1,0.70535
4,2,0,12,2,2,1,1.356
4,2,0,13,2,2,1,0.77934
4,2,0,14,2,2,1,1.0789
4,2,0,15,4,4,1,0.70173
4,2,0,16,2,2,1,0.78648
4,2,0,17,4,4,1,0.9607
4,2,0,18,4,4,1,1.014
4,2,0,19,1,1,1,1.3016
4,2,0,20,4,4,1,0.60351
4,2,0,21,1,1,1,0.76702
4,2,0,22,4,4,1,0.74693
4,2,0,23,1,1,1,0.70316
4,2,0,24,2,2,1,1.0085
4,2,0,25,1,1,1,0.7746
4,2,0,26,3,3,1,0.80909
4,2,0,27,3,3,1,0.87987
4,2,0,28,4,4,1,0.81613
4,2,0,29,1,1,1,0.6787
4,2,0,30,4,4,1,0.67458
4,2,0,31,1,1,1,0.70224
4,2,0,32,1,1,1,0.6577
4,2,0,33,2,2,1,1.37
4,2,0,34,3,3,1,0.63354
4,2,0,35,2,2,1,0.80019
4,2,0,36,2,2,1,0.9243
4,2,0,37,1,1,1,0.81038
4,2,0,38,1,1,1,0.65567
4,2,0,39,3,3,1,0.72282
4,2,0,40,3,3,1,0.68262
4,2,0,1,1,1,1,0.7811
4,2,0,2,1,1,1,0.82953
4,2,0,3,1,1,1,0.62786
4,2,0,4,1,1,1,0.62069
4,2,0,5,3,3,1,0.66823
4,2,0,6,3,3,1,0.69027
4,2,0,7,1,1,1,0.72815
4,2,0,8,4,4,1,0.81562
4,2,0,9,2,2,1,0.61157
4,2,0,10,1,1,1,0.78199
4,2,0,11,4,4,1,0.70895
4,2,0,12,4,4,1,0.57284
4,2,0,13,2,2,1,0.96981
4,2,0,14,1,1,1,0.84206
4,2,0,15,2,2,1,0.96569
4,2,0,16,2,2,1,0.69561
4,2,0,17,3,3,1,0.85484
4,2,0,18,2,2,1,0.64876
4,2,0,19,1,1,1,0.74658
4,2,0,20,3,3,1,0.77133
4,2,0,21,2,2,1,0.63968
4,2,0,22,4,4,1,0.69225
4,2,0,23,4,4,1,0.67318
4,2,0,24,1,1,1,0.78033
4,2,0,25,4,4,1,0.66237
4,2,0,26,2,2,1,1.1005
4,2,0,27,4,4,1,0.65561
4,2,0,28,3,3,1,0.92693
4,2,0,29,3,3,1,0.67908
4,2,0,30,2,2,1,1.0609
4,2,0,31,4,4,1,0.81219
4,2,0,32,3,3,1,0.94176
4,2,0,33,3,3,1,0.78276
4,2,0,34,4,4,1,0.72066
4,2,0,35,4,4,1,0.63446
4,2,0,36,1,1,1,0.88977
4,2,0,37,3,3,1,1.0701
4,2,0,38,2,2,1,0.79647
4,2,0,39,3,3,1,0.97334
4,2,0,40,2,2,1,0.70634
4,2,0,1,3,3,1,0.86053
4,2,0,2,1,1,1,0.71414
4,2,0,3,4,4,1,0.69775
4,2,0,4,4,4,1,0.59186
4,2,0,5,1,1,1,0.72157
4,2,0,6,2,1,0,0.60797
4,2,0,7,4,4,1,0.66316
4,2,0,8,3,3,1,0.98044
4,2,0,9,4,4,1,0.63674
4,2,0,10,1,1,1,0.68561
4,2,0,11,2,2,1,1.0817
4,2,0,12,3,3,1,0.82096
4,2,0,13,2,2,1,0.8107
4,2,0,14,4,4,1,0.64906
4,2,0,15,1,1,1,0.78374
4,2,0,16,3,3,1,0.83876
4,2,0,17,3,3,1,0.69729
4,2,0,18,1,1,1,0.79591
4,2,0,19,4,4,1,0.64146
4,2,0,20,2,2,1,1.0148
4,2,0,21,3,3,1,0.65187
4,2,0,22,4,4,1,0.61938
4,2,0,23,2,2,1,0.73932
4,2,0,24,2,2,1,0.64262
4,2,0,25,1,1,1,0.64703
4,2,0,26,1,1,1,0.64192
4,2,0,27,3,3,1,1.1461
4,2,0,28,3,3,1,0.78382
4,2,0,29,2,2,1,0.7365
4,2,0,30,4,4,1,0.76931
4,2,0,31,1,1,1,0.59561
4,2,0,32,4,4,1,0.66293
4,2,0,33,3,3,1,0.80078
4,2,0,34,1,1,1,0.53076
4,2,0,35,3,4,0,0.6253
4,2,0,36,1,1,1,0.79221
4,2,0,37,2,2,1,0.9927
4,2,0,38,4,4,1,0.63968
4,2,0,39,2,2,1,1.0183
4,2,0,40,2,2,1,0.74874
4,3,100,9,4,4,1,1.1298
4,3,100,10,2,2,1,1.2091
4,3,100,11,1,1,1,0.81417
4,3,100,12,4,4,1,0.8694
4,3,100,13,2,2,1,1.0775
4,3,100,14,3,3,1,1.0918
4,3,100,15,2,2,1,1.0229
4,3,100,16,3,3,1,0.86172
4,3,100,17,1,1,1,0.89832
4,3,100,18,2,2,1,1.4135
4,3,100,19,3,3,1,0.87145
4,3,100,20,2,2,1,2.0821
4,3,100,21,1,1,1,0.86438
4,3,100,22,2,2,1,1.3577
4,3,100,23,4,4,1,0.67535
4,3,100,24,4,4,1,0.65223
4,3,100,25,3,3,1,1.0221
4,3,100,26,4,4,1,1.0151
4,3,100,27,4,4,1,0.82902
4,3,100,28,4,4,1,0.74495
4,3,100,29,3,3,1,1.0039
4,3,100,30,2,2,1,1.044
4,3,100,31,1,1,1,0.8462
4,3,100,32,3,3,1,0.96932
4,3,100,33,3,3,1,1.1423
4,3,100,34,1,1,1,1.5437
4,3,100,35,3,3,1,0.70758
4,3,100,36,4,4,1,0.7839
4,3,100,37,4,4,1,0.68387
4,3,100,38,2,2,1,1.1523
4,3,100,39,3,3,1,0.79312
4,3,100,40,3,3,1,0.63978
4,3,100,41,4,4,1,0.56347
4,3,100,42,2,2,1,2.024
4,3,100,43,1,1,1,0.65262
4,3,100,44,1,1,1,0.67391
4,3,100,45,1,1,1,0.59205
4,3,100,46,1,1,1,0.5717
4,3,100,47,2,2,1,1.0418
4,3,100,48,1,1,1,0.71065
4,3,100,1,4,4,1,0.77276
4,3,100,2,1,1,1,0.61975
4,3,100,3,1,1,1,0.75956
4,3,100,4,1,1,1,0.55754
4,3,100,5,4,4,1,0.68662
4,3,100,6,1,1,1,0.69114
4,3,100,7,3,3,1,1.1865
4,3,100,8,3,3,1,0.7316
4,3,100,9,3,3,1,0.60672
4,3,100,10,1,1,1,1.0141
4,3,100,11,3,3,1,0.68162
4,3,100,12,2,2,1,0.8153
4,3,100,13,2,2,1,0.86305
4,3,100,14,4,4,1,0.67063
4,3,100,15,2,2,1,1.2766
4,3,100,16,1,1,1,0.59663
4,3,100,17,1,1,1,0.577
4,3,100,18,2,2,1,1.1313
4,3,100,19,2,2,1,0.92999
4,3,100,20,4,4,1,0.68912
4,3,100,21,4,4,1,0.5779
4,3,100,22,2,2,1,0.93712
4,3,100,23,4,4,1,0.60268
4,3,100,24,1,4,0,0.50727
4,3,100,25,4,4,1,0.55396
4,3,100,26,1,1,1,0.57575
4,3,100,27,3,3,1,0.99147
4,3,100,28,3,3,1,0.66806
4,3,100,29,3,3,1,0.75099
4,3,100,30,4,4,1,0.87629
4,3,100,31,1,1,1,0.6619
4,3,100,32,3,3,1,0.69368
4,3,100,33,4,4,1,0.56472
4,3,100,34,3,3,1,0.88446
4,3,100,35,4,4,1,0.62602
4,3,100,36,2,2,1,0.73909
4,3,100,37,3,3,1,0.61139
4,3,100,38,2,2,1,0.71045
4,3,100,39,2,2,1,0.72329
4,3,100,40,2,2,1,0.75893
4,3,100,1,4,4,1,0.68196
4,3,100,2,1,1,1,0.66522
4,3,100,3,3,3,1,0.95199
4,3,100,4,4,4,1,0.62765
4,3,100,5,1,1,1,0.74045
4,3,100,6,3,3,1,0.81662
4,3,100,7,2,2,1,1.0119
4,3,100,8,1,1,1,0.68097
4,3,100,9,3,3,1,0.93648
4,3,100,10,2,2,1,0.74969
4,3,100,11,1,1,1,0.72247
4,3,100,12,4,4,1,0.71535
4,3,100,13,3,3,1,0.73958
4,3,100,14,3,3,1,0.79354
4,3,100,15,4,4,1,0.69819
4,3,100,16,3,3,1,0.87827
4,3,100,17,1,1,1,0.73148
4,3,100,18,2,2,1,0.84217
4,3,100,19,2,2,1,0.73447
4,3,100,20,4,4,1,0.66034
4,3,100,21,1,1,1,0.82434
4,3,100,22,2,2,1,1.1718
4,3,100,23,4,4,1,0.58954
4,3,100,24,2,2,1,0.72661
4,3,100,25,4,4,1,0.68719
4,3,100,26,3,3,1,0.87829
4,3,100,27,1,1,1,0.60908
4,3,100,28,3,3,1,0.78856
4,3,100,29,4,4,1,0.64863
4,3,100,30,3,3,1,0.75915
4,3,100,31,1,1,1,0.67686
4,3,100,32,2,2,1,1.2051
4,3,100,33,4,4,1,0.63601
4,3,100,34,2,2,1,0.89458
4,3,100,35,4,4,1,0.6479
4,3,100,36,1,1,1,0.71346
4,3,100,37,2,2,1,1.3034
4,3,100,38,1,1,1,0.62624
4,3,100,39,2,2,1,1.0811
4,3,100,40,3,3,1,0.87445
4,3,100,1,1,1,1,0.73619
4,3,100,2,2,2,1,1.4271
4,3,100,3,3,3,1,0.81488
4,3,100,4,1,1,1,0.66231
4,3,100,5,1,1,1,0.54786
4,3,100,6,4,4,1,0.75458
4,3,100,7,1,1,1,0.59579
4,3,100,8,1,1,1,0.55046
4,3,100,9,4,4,1,0.69053
4,3,100,10,1,1,1,0.69242
4,3,100,11,3,3,1,0.72219
4,3,100,12,2,2,1,0.77779
4,3,100,13,4,4,1,0.63547
4,3,100,14,3,3,1,0.85884
4,3,100,15,1,1,1,0.67867
4,3,100,16,3,3,1,0.70566
4,3,100,17,4,4,1,0.74707
4,3,100,18,1,1,1,0.70615
4,3,100,19,1,1,1,0.77205
4,3,100,20,4,4,1,0.66784
4,3,100,21,3,3,1,0.64292
4,3,100,22,4,4,1,0.7259
4,3,100,23,2,3,0,0.99438
4,3,100,24,2,2,1,0.82381
4,3,100,25,2,2,1,0.68409
4,3,100,26,3,3,1,0.71854
4,3,100,27,3,3,1,0.58918
4,3,100,28,4,4,1,0.64601
4,3,100,29,2,2,1,0.84302
4,3,100,30,2,2,1,0.66579
4,3,100,31,3,3,1,0.7485
4,3,100,32,1,1,1,0.58419
4,3,100,33,4,4,1,0.60911
4,3,100,34,3,3,1,0.64197
4,3,100,35,4,4,1,0.63966
4,3,100,36,2,2,1,1.0748
4,3,100,37,2,2,1,0.94267
4,3,100,38,2,2,1,0.65684
4,3,100,39,3,3,1,0.86806
4,3,100,40,4,4,1,1.7569
4,3,100,1,4,4,1,0.88433
4,3,100,2,2,2,1,1.1829
4,3,100,3,2,2,1,0.76138
4,3,100,4,3,3,1,0.91335
4,3,100,5,4,4,1,1.0335
4,3,100,6,1,1,1,0.81416
4,3,100,7,2,2,1,1.2413
4,3,100,8,3,3,1,0.68728
4,3,100,9,2,2,1,0.8266
4,3,100,10,3,3,1,0.8506
4,3,100,11,2,2,1,0.90021
4,3,100,12,4,4,1,0.54477
4,3,100,13,1,1,1,0.76595
4,3,100,14,3,3,1,0.63324
4,3,100,15,3,3,1,1.0057
4,3,100,16,1,1,1,0.64943
4,3,100,17,1,1,1,0.79707
4,3,100,18,3,3,1,0.61338
4,3,100,19,1,1,1,0.68299
4,3,100,20,2,2,1,0.9107
4,3,100,21,1,1,1,0.57389
4,3,100,22,2,2,1,1.4453
4,3,100,23,4,4,1,0.73342
4,3,100,24,4,4,1,0.7121
4,3,100,25,4,4,1,0.67117
4,3,100,26,2,2,1,0.93585
4,3,100,27,3,3,1,0.64214
4,3,100,28,3,3,1,0.6866
4,3,100,29,2,4,0,0.59876
4,3,100,30,4,4,1,0.62379
4,3,100,31,4,4,1,1.4266
4,3,100,32,1,3,0,0.96017
4,3,100,33,1,1,1,0.7645
4,3,100,34,1,1,1,0.80365
4,3,100,35,1,1,1,0.64203
4,3,100,36,3,3,1,0.82767
4,3,100,37,4,4,1,0.80135
4,3,100,38,4,4,1,0.6147
4,3,100,39,2,2,1,1.1835
4,3,100,40,3,3,1,0.82797
4,3,100,1,2,2,1,0.95196
4,3,100,2,3,3,1,0.80756
4,3,100,3,2,2,1,0.72336
4,3,100,4,4,4,1,0.62356
4,3,100,5,4,4,1,0.58956
4,3,100,6,1,1,1,0.75639
4,3,100,7,3,3,1,0.75865
4,3,100,8,1,1,1,0.70462
4,3,100,9,4,4,1,0.73829
4,3,100,10,1,1,1,0.73531
4,3,100,11,4,4,1,0.61425
4,3,100,12,3,3,1,1.1619
4,3,100,13,3,3,1,0.73332
4,3,100,14,2,2,1,1.3349
4,3,100,15,2,2,1,0.89363
4,3,100,16,4,4,1,1.1354
4,3,100,17,1,1,1,0.80247
4,3,100,18,1,1,1,0.56534
4,3,100,19,3,3,1,1.4871
4,3,100,20,2,2,1,1.1098
4,3,100,21,4,4,1,0.56088
4,3,100,22,3,3,1,0.77329
4,3,100,23,3,3,1,0.90781
4,3,100,24,3,3,1,0.71409
4,3,100,25,1,1,1,0.83995
4,3,100,26,1,1,1,0.63685
4,3,100,27,3,3,1,0.75914
4,3,100,28,4,4,1,0.57183
4,3,100,29,2,2,1,0.823
4,3,100,30,4,4,1,0.72849
4,3,100,31,1,1,1,0.78244
4,3,100,32,2,2,1,0.82386
4,3,100,33,3,3,1,0.89599
4,3,100,34,2,2,1,0.83063
4,3,100,35,2,2,1,0.75711
4,3,100,36,1,1,1,0.82271
4,3,100,37,2,2,1,0.69519
4,3,100,38,4,4,1,0.61194
4,3,100,39,4,4,1,0.64402
4,3,100,40,1,1,1,0.65599
4,3,100,1,3,3,1,0.89396
4,3,100,2,2,2,1,0.78686
4,3,100,3,2,2,1,1.259
4,3,100,4,2,2,1,0.9002
4,3,100,5,1,1,1,0.68512
4,3,100,6,2,2,1,0.84176
4,3,100,7,1,1,1,0.66568
4,3,100,8,1,1,1,0.55019
4,3,100,9,4,4,1,0.62928
4,3,100,10,4,4,1,0.47652
4,3,100,11,4,4,1,0.5744
4,3,100,12,2,2,1,0.83271
4,3,100,13,1,1,1,0.80848
4,3,100,14,1,1,1,0.67312
4,3,100,15,4,4,1,0.59791
4,3,100,16,2,2,1,0.94208
4,3,100,17,4,3,0,1.123
4,3,100,18,1,1,1,0.78815
4,3,100,19,3,3,1,0.88344
4,3,100,20,2,2,1,0.79848
4,3,100,21,3,3,1,0.80627
4,3,100,22,2,2,1,0.85682
4,3,100,23,4,4,1,0.61557
4,3,100,24,3,3,1,0.82187
4,3,100,25,3,3,1,0.8788
4,3,100,26,3,3,1,0.61826
4,3,100,27,1,1,1,0.62533
4,3,100,28,4,4,1,0.84
4,3,100,29,1,1,1,0.44037
4,3,100,30,3,3,1,0.91752
4,3,100,31,4,4,1,0.63916
4,3,100,32,3,3,1,0.73404
4,3,100,33,2,2,1,0.84706
4,3,100,34,4,4,1,0.62779
4,3,100,35,1,1,1,0.70999
4,3,100,36,4,4,1,0.58915
4,3,100,37,2,2,1,0.75699
4,3,100,38,3,3,1,0.71028
4,3,100,39,3,3,1,0.72509
4,3,100,40,1,1,1,0.64144
4,3,100,1,4,4,1,0.866
4,3,100,2,3,3,1,1.1641
4,3,100,3,3,3,1,0.63761
4,3,100,4,3,3,1,0.73554
4,3,100,5,4,4,1,0.62409
4,3,100,6,4,4,1,0.69052
4,3,100,7,4,4,1,0.52281
4,3,100,8,1,1,1,1.002
4,3,100,9,1,1,1,0.62326
4,3,100,10,3,3,1,1.1234
4,3,100,11,1,1,1,0.67692
4,3,100,12,2,2,1,1.3506
4,3,100,13,2,2,1,0.90326
4,3,100,14,1,1,1,0.72624
4,3,100,15,4,4,1,0.7842
4,3,100,16,2,2,1,0.89966
4,3,100,17,4,4,1,0.62165
4,3,100,18,4,4,1,1.2119
4,3,100,19,2,2,1,1.0795
4,3,100,20,3,3,1,0.67664
4,3,100,21,3,3,1,0.71571
4,3,100,22,4,4,1,0.62444
4,3,100,23,3,3,1,0.70119
4,3,100,24,1,1,1,0.68428
4,3,100,25,2,2,1,0.87499
4,3,100,26,4,4,1,0.73725
4,3,100,27,3,3,1,1.0132
4,3,100,28,2,2,1,0.76332
4,3,100,29,2,2,1,0.71554
4,3,100,30,3,3,1,0.86947
4,3,100,31,1,1,1,0.75918
4,3,100,32,1,1,1,0.70167
4,3,100,33,3,3,1,0.80141
4,3,100,34,4,4,1,0.58998
4,3,100,35,2,2,1,0.81801
4,3,100,36,1,1,1,0.60211
4,3,100,37,1,1,1,0.56413
4,3,100,38,2,2,1,0.79336
4,3,100,39,2,2,1,0.70364
4,3,100,40,1,1,1,0.56326
4,3,100,1,4,4,1,0.8525
4,3,100,2,3,3,1,0.78026
4,3,100,3,3,3,1,0.58772
4,3,100,4,3,3,1,0.66001
4,3,100,5,3,3,1,0.62571
4,3,100,6,1,1,1,0.92591
4,3,100,7,1,1,1,0.9415
4,3,100,8,3,3,1,0.70009
4,3,100,9,1,1,1,0.68549
4,3,100,10,4,4,1,0.60494
4,3,100,11,4,4,1,0.73837
4,3,100,12,2,2,1,0.99667
4,3,100,13,1,1,1,0.80911
4,3,100,14,2,2,1,1.0694
4,3,100,15,2,2,1,0.72132
4,3,100,16,1,1,1,0.58327
4,3,100,17,2,2,1,0.76753
4,3,100,18,4,4,1,0.92984
4,3,100,19,2,2,1,0.87976
4,3,100,20,1,1,1,0.73736
4,3,100,21,1,1,1,0.64988
4,3,100,22,4,2,0,0.78195
4,3,100,23,4,4,1,0.57307
4,3,100,24,3,3,1,0.73419
4,3,100,25,3,3,1,0.90143
4,3,100,26,4,4,1,0.95524
4,3,100,27,3,3,1,0.75917
4,3,100,28,2,2,1,1.0448
4,3,100,29,3,2,0,0.66508
4,3,100,30,1,1,1,0.74397
4,3,100,31,4,4,1,0.58911
4,3,100,32,4,4,1,0.82779
4,3,100,33,1,1,1,0.99601
4,3,100,34,1,1,1,0.64329
4,3,100,35,2,2,1,1.1722
4,3,100,36,2,2,1,0.79688
4,3,100,37,2,2,1,0.81862
4,3,100,38,3,3,1,0.71901
4,3,100,39,4,4,1,0.61626
4,3,100,40,2,2,1,1.1161
4,3,100,1,2,2,1,1.1162
4,3,100,2,1,1,1,0.74309
4,3,100,3,4,4,1,0.73145
4,3,100,4,4,4,1,0.6556
4,3,100,5,1,1,1,0.56018
4,3,100,6,3,3,1,0.75365
4,3,100,7,1,1,1,0.60585
4,3,100,8,2,2,1,1.3861
4,3,100,9,1,1,1,0.76518
4,3,100,10,3,3,1,0.84494
4,3,100,11,3,3,1,0.62286
4,3,100,12,3,3,1,0.64159
4,3,100,13,4,4,1,0.68484
4,3,100,14,4,4,1,0.69093
4,3,100,15,3,3,1,0.99907
4,3,100,16,4,4,1,1.3454
4,3,100,17,4,4,1,0.77416
4,3,100,18,3,3,1,0.82338
4,3,100,19,2,2,1,1.0201
4,3,100,20,1,1,1,0.66919
4,3,100,21,3,3,1,1.3356
4,3,100,22,1,1,1,0.78586
4,3,100,23,2,2,1,1.6939
4,3,100,24,2,2,1,0.7312
4,3,100,25,2,2,1,0.67144
4,3,100,26,2,2,1,0.56326
4,3,100,27,1,1,1,0.69855
4,3,100,28,1,1,1,0.56864
4,3,100,29,4,4,1,0.86678
4,3,100,30,3,3,1,0.64568
4,3,100,31,3,3,1,0.72937
4,3,100,32,3,3,1,0.72159
4,3,100,33,1,1,1,1.2508
4,3,100,34,2,2,1,0.84707
4,3,100,35,4,4,1,0.7543
4,3,100,36,4,4,1,0.64191
4,3,100,37,4,4,1,0.57467
4,3,100,38,2,2,1,0.86842
4,3,100,39,2,2,1,0.67704
4,3,100,40,1,1,1,0.74339
4,4,350,9,2,2,1,2.1169
4,4,350,10,2,2,1,2.1358
4,4,350,11,4,4,1,1.1975
4,4,350,12,4,4,1,0.86968
4,4,350,13,4,4,1,0.86707
4,4,350,14,2,2,1,1.27
4,4,350,15,1,1,1,1.3478
4,4,350,16,3,3,1,1.3134
4,4,350,17,2,2,1,1.0237
4,4,350,18,3,3,1,1.0515
4,4,350,19,1,1,1,1.3483
4,4,350,20,1,1,1,0.91705
4,4,350,21,1,1,1,1.0177
4,4,350,22,3,3,1,1.5672
4,4,350,23,4,4,1,1.0586
4,4,350,24,3,3,1,1.4817
4,4,350,25,1,1,1,1.3679
4,4,350,26,4,4,1,1.1716
4,4,350,27,2,2,1,1.9195
4,4,350,28,4,4,1,1.1259
4,4,350,29,1,1,1,1.1819
4,4,350,30,3,3,1,2.0576
4,4,350,31,2,2,1,1.1801
4,4,350,32,2,2,1,1.1298
4,4,350,33,3,3,1,1.2813
4,4,350,34,4,4,1,0.98145
4,4,350,35,1,1,1,1.4484
4,4,350,36,3,3,1,1.4004
4,4,350,37,1,1,1,1.244
4,4,350,38,1,1,1,1.0838
4,4,350,39,4,4,1,1.195
4,4,350,40,1,1,1,1.031
4,4,350,41,3,3,1,1.0001
4,4,350,42,4,4,1,1.2501
4,4,350,43,2,2,1,1.9664
4,4,350,44,3,3,1,1.3848
4,4,350,45,2,3,0,1.2043
4,4,350,46,2,2,1,1.3979
4,4,350,47,3,3,1,1.526
4,4,350,48,4,4,1,0.92803
4,4,350,1,4,4,1,1.3006
4,4,350,2,1,1,1,1.4803
4,4,350,3,1,1,1,1.2514
4,4,350,4,3,3,1,1.3575
4,4,350,5,2,2,1,1.3013
4,4,350,6,1,1,1,1.1201
4,4,350,7,4,4,1,0.94205
4,4,350,8,4,4,1,0.86798
4,4,350,9,3,3,1,0.86002
4,4,350,10,1,1,1,0.82889
4,4,350,11,1,1,1,0.91102
4,4,350,12,2,2,1,0.70743
4,4,350,13,3,3,1,0.81049
4,4,350,14,1,1,1,0.85264
4,4,350,15,1,1,1,0.90749
4,4,350,16,2,2,1,0.96345
4,4,350,17,2,2,1,1.3112
4,4,350,18,1,1,1,0.80952
4,4,350,19,1,1,1,0.73688
4,4,350,20,4,4,1,0.80888
4,4,350,21,3,3,1,1.0878
4,4,350,22,4,4,1,0.84757
4,4,350,23,3,3,1,1.0864
4,4,350,24,2,2,1,1.0989
4,4,350,25,3,3,1,1.3515
4,4,350,26,3,3,1,0.79677
4,4,350,27,4,4,1,1.3078
4,4,350,28,2,2,1,1.2244
4,4,350,29,4,4,1,1.208
4,4,350,30,4,4,1,0.78825
4,4,350,31,2,2,1,1.3652
4,4,350,32,4,4,1,0.87867
4,4,350,33,3,3,1,0.9109
4,4,350,34,2,2,1,1.0161
4,4,350,35,2,2,1,1.2487
4,4,350,36,4,4,1,0.87914
4,4,350,37,2,3,0,0.92849
4,4,350,38,3,3,1,1.1
4,4,350,39,1,1,1,1.14
4,4,350,40,3,3,1,1.5271
4,4,350,1,1,1,1,1.2212
4,4,350,2,3,3,1,1.0038
4,4,350,3,1,2,0,1.195
4,4,350,4,2,2,1,1.5439
4,4,350,5,2,2,1,1.7402
4,4,350,6,2,2,1,1.3441
4,4,350,7,4,4,1,1.2068
4,4,350,8,1,1,1,1.1308
4,4,350,9,1,1,1,1.0437
4,4,350,10,4,4,1,0.88185
4,4,350,11,1,1,1,1.1589
4,4,350,12,4,4,1,1.3273
4,4,350,13,3,3,1,1.0927
4,4,350,14,2,2,1,1.2424
4,4,350,15,1,1,1,1.0492
4,4,350,16,3,2,0,1.2525
4,4,350,17,3,3,1,1.6277
4,4,350,18,2,2,1,1.4008
4,4,350,19,3,3,1,1.6157
4,4,350,20,3,3,1,1.1031
4,4,350,21,1,1,1,0.96133
4,4,350,22,4,3,0,0.83274
4,4,350,23,3,3,1,1.0394
4,4,350,24,1,1,1,1.0173
4,4,350,25,4,4,1,1.4765
4,4,350,26,3,3,1,1.4408
4,4,350,27,2,2,1,1.7909
4,4,350,28,2,2,1,1.2876
4,4,350,29,2,2,1,1.1675
4,4,350,30,4,4,1,1.2402
4,4,350,31,1,1,1,1.18
4,4,350,32,2,2,1,1.1767
4,4,350,33,2,2,1,1.0947
4,4,350,34,1,1,1,0.77987
4,4,350,35,4,4,1,1.0121
4,4,350,36,3,3,1,1.6849
4,4,350,37,3,3,1,1.8527
4,4,350,38,4,4,1,1.0098
4,4,350,39,4,4,1,1.0767
4,4,350,40,4,4,1,1.1349
4,4,350,1,1,1,1,1.4473
4,4,350,2,2,2,1,1.8437
4,4,350,3,3,3,1,1.2149
4,4,350,4,1,1,1,1.6331
4,4,350,5,4,4,1,0.87179
4,4,350,6,3,3,1,1.0102
4,4,350,7,2,2,1,1.0931
4,4,350,8,4,4,1,0.9846
4,4,350,9,1,1,1,1.1469
4,4,350,10,1,1,1,1.3707
4,4,350,11,2,2,1,1.2954
4,4,350,12,3,3,1,1.0575
4,4,350,13,4,4,1,1.0205
4,4,350,14,4,4,1,1.0045
4,4,350,15,3,3,1,1.1578
4,4,350,16,3,3,1,1.2559
4,4,350,17,1,1,1,0.85086
4,4,350,18,4,4,1,0.83262
4,4,350,19,2,2,1,1.4438
4,4,350,20,2,2,1,1.0388
4,4,350,21,2,2,1,1.0672
4,4,350,22,2,2,1,1.3306
4,4,350,23,2,2,1,0.86628
4,4,350,24,4,4,1,1.0156
4,4,350,25,4,4,1,1.558
4,4,350,26,4,4,1,1.5011
4,4,350,27,1,1,1,1.0084
4,4,350,28,1,1,1,0.86079
4,4,350,29,3,3,1,1.1582
4,4,350,30,2,2,1,1.4837
4,4,350,31,3,3,1,1.1356
4,4,350,32,4,4,1,1.029
4,4,350,33,3,3,1,1.4894
4,4,350,34,1,1,1,0.85539
4,4,350,35,2,2,1,0.98913
4,4,350,36,3,3,1,1.1106
4,4,350,37,3,3,1,0.84344
4,4,350,38,1,1,1,0.9119
4,4,350,39,1,1,1,0.86401
4,4,350,40,4,4,1,0.94935
4,4,350,1,1,1,1,1.0724
4,4,350,2,4,4,1,0.93951
4,4,350,3,4,4,1,0.95085
4,4,350,4,4,4,1,1.1214
4,4,350,5,2,2,1,1.2468
4,4,350,6,1,1,1,0.91273
4,4,350,7,4,4,1,1.0878
4,4,350,8,2,2,1,1.1633
4,4,350,9,4,4,1,0.91346
4,4,350,10,3,3,1,1.2592
4,4,350,11,3,3,1,1.9524
4,4,350,12,4,4,1,0.72216
4,4,350,13,2,2,1,1.5484
4,4,350,14,2,2,1,1.0294
4,4,350,15,2,2,1,0.86795
4,4,350,16,1,1,1,0.96415
4,4,350,17,2,2,1,1.8679
4,4,350,18,4,4,1,0.9522
4,4,350,19,3,3,1,0.98907
4,4,350,20,3,3,1,1.102
4,4,350,21,2,2,1,0.92232
4,4,350,22,2,2,1,0.99491
4,4,350,23,1,1,1,0.78655
4,4,350,24,3,3,1,1.029
4,4,350,25,3,3,1,0.9198
4,4,350,26,3,3,1,0.99495
4,4,350,27,1,2,0,1.0223
4,4,350,28,2,2,1,1.2967
4,4,350,29,1,1,1,0.82617
4,4,350,30,3,3,1,1.8428
4,4,350,31,1,1,1,0.71095
4,4,350,32,1,1,1,0.78614
4,4,350,33,1,1,1,0.7956
4,4,350,34,4,4,1,0.89262
4,4,350,35,4,4,1,1.2167
4,4,350,36,2,2,1,0.97111
4,4,350,37,3,3,1,0.88867
4,4,350,38,3,3,1,0.93614
4,4,350,39,1,1,1,1.0081
4,4,350,40,4,4,1,0.97323
4,4,350,1,2,2,1,1.3607
4,4,350,2,1,1,1,1.3205
4,4,350,3,4,4,1,0.78559
4,4,350,4,3,1,0,1.2738
4,4,350,5,2,2,1,1.4608
4,4,350,6,1,1,1,1.2875
4,4,350,7,4,4,1,0.9031
4,4,350,8,3,3,1,1.5696
4,4,350,9,1,1,1,0.85555
4,4,350,10,2,2,1,1.0788
4,4,350,11,2,2,1,0.83004
4,4,350,12,4,4,1,0.86257
4,4,350,13,1,1,1,0.93433
4,4,350,14,1,1,1,0.79347
4,4,350,15,4,4,1,0.85125
4,4,350,16,3,3,1,1.2889
4,4,350,17,2,2,1,0.97985
4,4,350,18,4,4,1,0.97146
4,4,350,19,3,3,1,1.2684
4,4,350,20,2,2,1,1.437
4,4,350,21,2,2,1,1.0841
4,4,350,22,4,4,1,0.92771
4,4,350,23,1,1,1,0.7724
4,4,350,24,3,4,0,0.78623
4,4,350,25,1,1,1,0.73625
4,4,350,26,4,4,1,1.4211
4,4,350,27,4,4,1,1.0155
4,4,350,28,3,3,1,1.3533
4,4,350,29,3,3,1,0.8737
4,4,350,30,3,3,1,0.93169
4,4,350,31,3,3,1,1.0609
4,4,350,32,1,1,1,0.87099
4,4,350,33,2,2,1,1.5184
4,4,350,34,1,1,1,0.74759
4,4,350,35,1,1,1,0.8426
4,4,350,36,4,4,1,0.9266
4,4,350,37,2,2,1,1.447
4,4,350,38,3,3,1,1.5189
4,4,350,39,2,2,1,1.4693
4,4,350,40,4,4,1,0.73164
4,4,350,1,1,1,1,0.93375
4,4,350,2,4,4,1,1.0533
4,4,350,3,3,3,1,1.4806
4,4,350,4,2,2,1,0.99615
4,4,350,5,4,4,1,0.90311
4,4,350,6,1,1,1,0.71006
4,4,350,7,1,1,1,0.67046
4,4,350,8,2,2,1,0.79856
4,4,350,9,2,2,1,0.78886
4,4,350,10,3,1,0,0.96529
4,4,350,11,4,4,1,0.81966
4,4,350,12,3,3,1,0.83691
4,4,350,13,2,3,0,1.0663
4,4,350,14,2,2,1,1.9094
4,4,350,15,1,1,1,1.0932
4,4,350,16,3,3,1,1.4641
4,4,350,17,4,4,1,0.90107
4,4,350,18,3,3,1,0.95011
4,4,350,19,4,4,1,0.69255
4,4,350,20,4,4,1,1.1479
4,4,350,21,2,2,1,1.276
4,4,350,22,3,3,1,2.9297
4,4,350,23,1,1,1,0.98373
4,4,350,24,3,3,1,1.3703
4,4,350,25,4,4,1,0.98845
4,4,350,26,1,1,1,1.2864
4,4,350,27,2,2,1,1.3094
4,4,350,28,2,2,1,1.819
4,4,350,29,3,3,1,1.0533
4,4,350,30,4,4,1,1.5827
4,4,350,31,3,3,1,1.0897
4,4,350,32,2,2,1,0.98777
4,4,350,33,4,4,1,0.9082
4,4,350,34,3,1,0,0.89773
4,4,350,35,1,1,1,1.0741
4,4,350,36,1,1,1,0.88952
4,4,350,37,1,1,1,0.77946
4,4,350,38,2,3,0,0.97986
4,4,350,39,1,1,1,0.77308
4,4,350,40,4,4,1,0.87887
4,4,350,1,3,1,0,1.1806
4,4,350,2,3,3,1,1.109
4,4,350,3,3,3,1,1.173
4,4,350,4,3,3,1,1.2202
4,4,350,5,2,2,1,1.1936
4,4,350,6,4,4,1,0.84399
4,4,350,7,1,1,1,1.2775
4,4,350,8,2,2,1,1.0171
4,4,350,9,2,2,1,0.95229
4,4,350,10,3,4,0,0.78107
4,4,350,11,1,1,1,0.90219
4,4,350,12,4,4,1,1.6041
4,4,350,13,2,2,1,1.0615
4,4,350,14,3,3,1,1.6073
4,4,350,15,2,2,1,1.551
4,4,350,16,3,3,1,1.1149
4,4,350,17,1,1,1,1.2772
4,4,350,18,1,1,1,0.88701
4,4,350,19,1,1,1,1.1471
4,4,350,20,4,4,1,0.97077
4,4,350,21,1,1,1,1.1164
4,4,350,22,2,2,1,1.1737
4,4,350,23,1,1,1,0.98438
4,4,350,24,2,2,1,2.0855
4,4,350,25,3,3,1,1.5541
4,4,350,26,3,3,1,0.90975
4,4,350,27,2,2,1,0.90984
4,4,350,28,4,4,1,1.0946
4,4,350,29,4,4,1,0.99603
4,4,350,30,4,4,1,0.79737
4,4,350,31,4,4,1,0.81153
4,4,350,32,1,1,1,0.85775
4,4,350,33,1,1,1,0.82757
4,4,350,34,1,1,1,0.75334
4,4,350,35,3,2,0,1.1353
4,4,350,36,4,4,1,1.0182
4,4,350,37,4,4,1,0.82281
4,4,350,38,2,2,1,1.2628
4,4,350,39,4,4,1,0.68974
4,4,350,40,2,2,1,1.2532
4,4,350,1,1,1,1,1.3082
4,4,350,2,1,1,1,0.68588
4,4,350,3,3,3,1,1.3171
4,4,350,4,3,3,1,0.7889
4,4,350,5,2,2,1,1.0545
4,4,350,6,3,3,1,1.5646
4,4,350,7,2,2,1,1.1337
4,4,350,8,2,2,1,1.0208
4,4,350,9,2,2,1,0.87965
4,4,350,10,4,4,1,1.0167
4,4,350,11,4,4,1,0.99669
4,4,350,12,3,3,1,0.97167
4,4,350,13,1,1,1,0.794
4,4,350,14,4,4,1,0.951
4,4,350,15,3,3,1,1.0035
4,4,350,16,1,1,1,0.92572
4,4,350,17,2,2,1,0.90832
4,4,350,18,1,2,0,0.82111
4,4,350,19,2,2,1,0.95756
4,4,350,20,2,2,1,0.90305
4,4,350,21,4,4,1,0.88324
4,4,350,22,3,3,1,1.2401
4,4,350,23,3,3,1,0.94073
4,4,350,24,3,3,1,1.0559
4,4,350,25,4,4,1,0.76042
4,4,350,26,2,2,1,1.2778
4,4,350,27,1,1,1,0.63752
4,4,350,28,4,4,1,0.9117
4,4,350,29,4,4,1,0.67895
4,4,350,30,2,2,1,1.0495
4,4,350,31,1,1,1,0.94208
4,4,350,32,1,1,1,0.71928
4,4,350,33,3,3,1,1.1868
4,4,350,34,1,1,1,0.96215
4,4,350,35,4,2,0,0.79886
4,4,350,36,4,4,1,0.80272
4,4,350,37,1,1,1,0.78123
4,4,350,38,2,2,1,2.2121
4,4,350,39,4,4,1,1.2003
4,4,350,40,3,3,1,1.4055
4,4,350,1,4,4,1,1.4054
4,4,350,2,2,2,1,1.0575
4,4,350,3,1,1,1,0.90039
4,4,350,4,3,3,1,1.106
4,4,350,5,1,1,1,0.93433
4,4,350,6,3,3,1,1.3456
4,4,350,7,2,2,1,1.192
4,4,350,8,2,2,1,1.1953
4,4,350,9,1,1,1,1.2855
4,4,350,10,1,1,1,0.93297
4,4,350,11,2,2,1,1.0283
4,4,350,12,3,3,1,1.2117
4,4,350,13,2,2,1,1.2537
4,4,350,14,1,1,1,0.71618
4,4,350,15,2,2,1,1.1044
4,4,350,16,2,2,1,0.90153
4,4,350,17,4,4,1,1.1337
4,4,350,18,4,4,1,0.91602
4,4,350,19,4,4,1,0.78471
4,4,350,20,3,3,1,0.95757
4,4,350,21,1,1,1,0.76855
4,4,350,22,2,2,1,1.286
4,4,350,23,3,3,1,1.3669
4,4,350,24,1,1,1,0.76253
4,4,350,25,1,1,1,0.73704
4,4,350,26,2,2,1,1.1916
4,4,350,27,3,3,1,1.0119
4,4,350,28,4,4,1,0.97105
4,4,350,29,3,3,1,1.1325
4,4,350,30,2,2,1,1.3116
4,4,350,31,1,1,1,0.71441
4,4,350,32,1,1,1,0.78677
4,4,350,33,4,4,1,1.2937
4,4,350,34,4,4,1,0.87685
4,4,350,35,3,3,1,0.87633
4,4,350,36,3,3,1,0.82438
4,4,350,37,3,3,1,0.86274
4,4,350,38,4,4,1,0.99747
4,4,350,39,4,4,1,0.84721
4,4,350,40,4,4,1,0.75297
