5,2,0,9,4,4,1,1.3814
5,2,0,10,3,3,1,1.6229
5,2,0,11,4,4,1,1.1741
5,2,0,12,1,1,1,1.2488
5,2,0,13,3,3,1,1.2322
5,2,0,14,1,1,1,1.008
5,2,0,15,2,2,1,1.4055
5,2,0,16,4,4,1,1.4079
5,2,0,17,1,1,1,1.1385
5,2,0,18,3,3,1,0.96745
5,2,0,19,2,2,1,1.2118
5,2,0,20,2,2,1,1.4967
5,2,0,21,1,1,1,1.3888
5,2,0,22,2,2,1,1.0902
5,2,0,23,3,3,1,1.1346
5,2,0,24,2,2,1,1.4552
5,2,0,25,1,1,1,1.0135
5,2,0,26,1,1,1,1.2606
5,2,0,27,4,4,1,1.2637
5,2,0,28,1,1,1,1.2035
5,2,0,29,1,1,1,1.1802
5,2,0,30,4,4,1,1.322
5,2,0,31,3,3,1,1.2193
5,2,0,32,4,4,1,1.1305
5,2,0,33,4,4,1,1.643
5,2,0,34,1,1,1,0.92317
5,2,0,35,3,3,1,1.2712
5,2,0,36,2,2,1,1.335
5,2,0,37,3,3,1,1.32
5,2,0,38,4,4,1,1.2291
5,2,0,39,2,2,1,1.471
5,2,0,40,4,4,1,0.99558
5,2,0,41,3,3,1,1.3625
5,2,0,42,1,1,1,2.0189
5,2,0,43,2,2,1,1.2968
5,2,0,44,3,3,1,1.25
5,2,0,45,2,2,1,2.3311
5,2,0,46,4,4,1,1.5226
5,2,0,47,3,3,1,0.93048
5,2,0,48,2,2,1,1.091
5,2,0,1,4,4,1,1.1318
5,2,0,2,2,2,1,0.90945
5,2,0,3,2,2,1,1.2346
5,2,0,4,1,1,1,1.1815
5,2,0,5,3,3,1,1.72
5,2,0,6,4,4,1,1.1932
5,2,0,7,3,3,1,1.1033
5,2,0,8,3,3,1,1.6392
5,2,0,9,2,2,1,1.4236
5,2,0,10,3,3,1,1.0985
5,2,0,11,2,2,1,1.3721
5,2,0,12,1,1,1,0.9677
5,2,0,13,2,2,1,1.2375
5,2,0,14,3,3,1,1.1289
5,2,0,15,4,4,1,1.2071
5,2,0,16,2,2,1,1.277
5,2,0,17,1,1,1,1.1551
5,2,0,18,4,4,1,0.81756
5,2,0,19,2,2,1,1.8368
5,2,0,20,1,1,1,0.96569
5,2,0,21,3,3,1,1.2837
5,2,0,22,4,4,1,1.4618
5,2,0,23,4,4,1,1.2872
5,2,0,24,3,3,1,1.2492
5,2,0,25,1,1,1,1.0334
5,2,0,26,4,4,1,1.4137
5,2,0,27,1,1,1,1.138
5,2,0,28,1,1,1,0.77029
5,2,0,29,4,4,1,1.1289
5,2,0,30,4,4,1,1.5779
5,2,0,31,2,2,1,1.1726
5,2,0,32,4,4,1,1.2388
5,2,0,33,3,3,1,1.195
5,2,0,34,3,3,1,1.5742
5,2,0,35,2,2,1,1.5344
5,2,0,36,1,1,1,1.4099
5,2,0,37,3,3,1,1.1644
5,2,0,38,1,1,1,0.94933
5,2,0,39,1,1,1,0.93521
5,2,0,40,2,2,1,1.2075
5,2,0,1,1,1,1,1.2615
5,2,0,2,2,2,1,1.0643
5,2,0,3,4,4,1,0.85219
5,2,0,4,4,4,1,1.2302
5,2,0,5,3,3,1,1.0163
5,2,0,6,4,4,1,1.3935
5,2,0,7,2,2,1,1.2796
5,2,0,8,1,1,1,0.90225
5,2,0,9,1,1,1,1.0377
5,2,0,10,2,2,1,1.1664
5,2,0,11,4,4,1,1.1581
5,2,0,12,3,3,1,1.2257
5,2,0,13,2,2,1,1.2251
5,2,0,14,3,3,1,1.2256
5,2,0,15,1,1,1,1.3364
5,2,0,16,1,1,1,0.94231
5,2,0,17,3,3,1,1.4841
5,2,0,18,4,4,1,1.2626
5,2,0,19,1,1,1,1.1077
5,2,0,20,4,4,1,1.3741
5,2,0,21,2,2,1,1.9226
5,2,0,22,4,4,1,1.5474
5,2,0,23,2,2,1,0.96553
5,2,0,24,3,3,1,1.0822
5,2,0,25,3,3,1,1.322
5,2,0,26,1,1,1,1.0797
5,2,0,27,2,2,1,1.2311
5,2,0,28,1,1,1,1.0077
5,2,0,29,4,4,1,1.1268
5,2,0,30,2,2,1,1.0976
5,2,0,31,2,2,1,1.0646
5,2,0,32,3,3,1,0.78271
5,2,0,33,2,2,1,1.0334
5,2,0,34,4,4,1,1.2522
5,2,0,35,3,3,1,1.6129
5,2,0,36,3,3,1,1.3016
5,2,0,37,1,1,1,0.98213
5,2,0,38,3,3,1,1.4792
5,2,0,39,4,4,1,1.0886
5,2,0,40,1,1,1,1.1603
5,2,0,1,3,3,1,1.2382
5,2,0,2,3,3,1,1.3079
5,2,0,3,4,4,1,1.0363
5,2,0,4,1,1,1,0.8176
5,2,0,5,3,3,1,1.1767
5,2,0,6,4,4,1,0.97702
5,2,0,7,1,1,1,0.90459
5,2,0,8,1,1,1,1.0716
5,2,0,9,1,1,1,1.1691
5,2,0,10,3,3,1,1.0965
5,2,0,11,3,3,1,1.0519
5,2,0,12,2,2,1,1.197
5,2,0,13,2,2,1,1.8703
5,2,0,14,3,3,1,1.0018
5,2,0,15,4,4,1,1.3196
5,2,0,16,3,3,1,1.2636
5,2,0,17,1,1,1,1.049
5,2,0,18,4,4,1,0.92349
5,2,0,19,4,4,1,0.91854
5,2,0,20,2,2,1,1.0193
5,2,0,21,4,4,1,1.0832
5,2,0,22,2,2,1,0.98057
5,2,0,23,4,4,1,1.0466
5,2,0,24,4,4,1,0.85082
5,2,0,25,1,1,1,1.2405
5,2,0,26,4,4,1,0.906
5,2,0,27,1,1,1,1.2757
5,2,0,28,1,1,1,1.3947
5,2,0,29,3,3,1,1.4709
5,2,0,30,1,1,1,0.85501
5,2,0,31,1,1,1,1.0007
5,2,0,32,3,3,1,0.86543
5,2,0,33,2,2,1,1.6567
5,2,0,34,4,4,1,1.0755
5,2,0,35,2,2,1,0.9946
5,2,0,36,2,2,1,1.1059
5,2,0,37,2,2,1,0.89044
5,2,0,38,2,2,1,0.93485
5,2,0,39,3,3,1,1.5819
5,2,0,40,2,2,1,1.6049
5,2,0,1,1,1,1,1.0144
5,2,0,2,3,3,1,0.80081
5,2,0,3,4,4,1,0.96908
5,2,0,4,2,2,1,0.96194
5,2,0,5,1,1,1,0.98546
5,2,0,6,2,2,1,1.2385
5,2,0,7,4,4,1,1.346
5,2,0,8,2,2,1,1.0634
5,2,0,9,3,3,1,1.1206
5,2,0,10,2,2,1,0.86174
5,2,0,11,3,3,1,0.84165
5,2,0,12,2,2,1,0.81611
5,2,0,13,1,1,1,1.4295
5,2,0,14,2,2,1,0.90526
5,2,0,15,2,2,1,1.0028
5,2,0,16,4,4,1,1.2952
5,2,0,17,4,4,1,1.255
5,2,0,18,2,2,1,1.2116
5,2,0,19,4,4,1,1.4794
5,2,0,20,4,4,1,1.4497
5,2,0,21,3,3,1,1.9957
5,2,0,22,3,3,1,1.7293
5,2,0,23,1,1,1,1.8134
5,2,0,24,3,3,1,0.98975
5,2,0,25,4,4,1,1.3877
5,2,0,26,3,3,1,1.4272
5,2,0,27,4,4,1,1.3762
5,2,0,28,1,1,1,1.3625
5,2,0,29,3,3,1,1.1318
5,2,0,30,4,4,1,1.3081
5,2,0,31,2,2,1,1.1704
5,2,0,32,3,3,1,1.1176
5,2,0,33,1,1,1,1.0659
5,2,0,34,1,1,1,0.88859
5,2,0,35,4,4,1,0.98404
5,2,0,36,1,1,1,1.2055
5,2,0,37,1,1,1,0.69253
5,2,0,38,3,3,1,0.91039
5,2,0,39,1,1,1,0.74034
5,2,0,40,2,2,1,1.2035
5,2,0,1,2,2,1,1.1004
5,2,0,2,3,3,1,0.97853
5,2,0,3,1,1,1,0.92167
5,2,0,4,4,4,1,0.80708
5,2,0,5,3,3,1,1.3795
5,2,0,6,2,2,1,1.0764
5,2,0,7,2,2,1,1.3491
5,2,0,8,2,2,1,0.78404
5,2,0,9,2,2,1,0.93451
5,2,0,10,4,4,1,1.1144
5,2,0,11,4,4,1,1.2854
5,2,0,12,1,1,1,0.97133
5,2,0,13,2,2,1,0.87505
5,2,0,14,1,1,1,0.98835
5,2,0,15,1,1,1,1.1102
5,2,0,16,1,1,1,0.99478
5,2,0,17,4,4,1,1.2499
5,2,0,18,1,1,1,1.053
5,2,0,19,3,3,1,1.4081
5,2,0,20,1,1,1,0.9325
5,2,0,21,3,4,0,0.8183
5,2,0,22,1,1,1,0.98333
5,2,0,23,2,2,1,1.2357
5,2,0,24,1,1,1,1.1166
5,2,0,25,3,3,1,1.5019
5,2,0,26,2,2,1,1.2927
5,2,0,27,4,4,1,1.2047
5,2,0,28,4,4,1,1.4955
5,2,0,29,2,2,1,1.1803
5,2,0,30,3,3,1,1.2994
5,2,0,31,3,3,1,1.1888
5,2,0,32,4,4,1,1.2994
5,2,0,33,4,4,1,1.3465
5,2,0,34,3,3,1,1.4088
5,2,0,35,4,4,1,0.94668
5,2,0,36,4,4,1,1.7503
5,2,0,37,3,3,1,1.4914
5,2,0,38,1,1,1,0.87377
5,2,0,39,3,3,1,0.9367
5,2,0,40,2,2,1,1.3336
5,2,0,1,4,4,1,1.4104
5,2,0,2,2,2,1,0.96222
5,2,0,3,4,4,1,0.92508
5,2,0,4,4,4,1,1.1735
5,2,0,5,2,2,1,1.0564
5,2,0,6,4,4,1,1.4247
5,2,0,7,3,3,1,1.0936
5,2,0,8,4,4,1,1.4767
5,2,0,9,3,3,1,1.0539
5,2,0,10,1,1,1,0.79123
5,2,0,11,3,3,1,0.97425
5,2,0,12,2,2,1,1.1111
5,2,0,13,4,4,1,1.053
5,2,0,14,3,3,1,1.006
5,2,0,15,2,2,1,1.3574
5,2,0,16,1,1,1,0.94512
5,2,0,17,4,4,1,1.4059
5,2,0,18,2,2,1,1.2673
5,2,0,19,3,3,1,1.3109
5,2,0,20,1,1,1,1.1916
5,2,0,21,1,1,1,1.2194
5,2,0,22,4,4,1,1.2347
5,2,0,23,2,2,1,1.0419
5,2,0,24,4,4,1,1.1604
5,2,0,25,1,1,1,0.95061
5,2,0,26,1,1,1,1.4286
5,2,0,27,1,1,1,1.4579
5,2,0,28,3,3,1,1.2657
5,2,0,29,3,3,1,0.86299
5,2,0,30,3,3,1,0.87324
5,2,0,31,3,3,1,1.157
5,2,0,32,2,2,1,1.7543
5,2,0,33,1,1,1,1.8312
5,2,0,34,2,2,1,0.88111
5,2,0,35,3,3,1,0.96001
5,2,0,36,2,2,1,0.82259
5,2,0,37,2,2,1,0.78724
5,2,0,38,4,4,1,1.3997
5,2,0,39,1,1,1,1.1815
5,2,0,40,1,1,1,1.0465
5,2,0,1,1,1,1,1.1816
5,2,0,2,3,3,1,1.0258
5,2,0,3,4,4,1,1.3533
5,2,0,4,2,2,1,1.0179
5,2,0,5,1,1,1,0.91596
5,2,0,6,1,1,1,0.88061
5,2,0,7,1,1,1,1.2721
5,2,0,8,3,3,1,1.1686
5,2,0,9,3,3,1,1.0364
5,2,0,10,2,2,1,1.5625
5,2,0,11,2,2,1,1.7763
5,2,0,12,1,1,1,1.2677
5,2,0,13,4,4,1,1.3559
5,2,0,14,3,3,1,1.1748
5,2,0,15,3,3,1,1.6677
5,2,0,16,4,4,1,1.1332
5,2,0,17,2,2,1,1.084
5,2,0,18,3,3,1,1.0268
5,2,0,19,4,4,1,1.5292
5,2,0,20,3,3,1,1.1546
5,2,0,21,3,3,1,1.004
5,2,0,22,3,3,1,1.2703
5,2,0,23,2,2,1,1.2119
5,2,0,24,4,4,1,1.0407
5,2,0,25,1,1,1,1.1061
5,2,0,26,2,2,1,1.8794
5,2,0,27,1,1,1,0.99051
5,2,0,28,1,1,1,1.2201
5,2,0,29,2,2,1,1.0898
5,2,0,30,4,4,1,1.4105
5,2,0,31,2,2,1,1.0232
5,2,0,32,1,1,1,1.3053
5,2,0,33,2,2,1,1.7931
5,2,0,34,1,1,1,2.1751
5,2,0,35,2,2,1,1.9411
5,2,0,36,4,4,1,1.8884
5,2,0,37,4,4,1,1.506
5,2,0,38,4,4,1,1.0341
5,2,0,39,4,4,1,1.158
5,2,0,40,3,3,1,1.0589
5,2,0,1,2,2,1,1.3392
5,2,0,2,4,4,1,1.2386
5,2,0,3,3,3,1,1.1013
5,2,0,4,4,4,1,0.97889
5,2,0,5,2,2,1,1.0035
5,2,0,6,2,2,1,0.89985
5,2,0,7,2,2,1,0.80732
5,2,0,8,3,3,1,0.96976
5,2,0,9,1,1,1,1.261
5,2,0,10,3,3,1,1.1251
5,2,0,11,1,1,1,1.3707
5,2,0,12,3,3,1,1.0337
5,2,0,13,2,2,1,1.1388
5,2,0,14,3,3,1,0.90453
5,2,0,15,4,4,1,0.91624
5,2,0,16,2,2,1,1.161
5,2,0,17,3,3,1,0.97887
5,2,0,18,2,2,1,1.0068
5,2,0,19,4,4,1,0.84373
5,2,0,20,1,1,1,1.0276
5,2,0,21,4,4,1,1.1742
5,2,0,22,1,1,1,0.70909
5,2,0,23,2,2,1,0.89797
5,2,0,24,4,4,1,1.5407
5,2,0,25,2,2,1,1.1218
5,2,0,26,4,4,1,0.62269
5,2,0,27,1,1,1,0.95585
5,2,0,28,4,4,1,1.1166
5,2,0,29,1,1,1,1.044
5,2,0,30,3,3,1,0.95029
5,2,0,31,2,2,1,0.82419
5,2,0,32,4,4,1,0.94181
5,2,0,33,1,1,1,0.99818
5,2,0,34,3,3,1,0.99308
5,2,0,35,4,4,1,0.87108
5,2,0,36,1,1,1,0.95269
5,2,0,37,3,3,1,0.87164
5,2,0,38,1,1,1,0.9886
5,2,0,39,1,1,1,0.7756
5,2,0,40,3,3,1,1.9227
5,2,0,1,1,1,1,1.111
5,2,0,2,1,1,1,1.1235
5,2,0,3,3,3,1,1.2764
5,2,0,4,2,2,1,1.1683
5,2,0,5,3,3,1,1.1295
5,2,0,6,1,1,1,1.0092
5,2,0,7,4,4,1,0.99646
5,2,0,8,2,2,1,1.4201
5,2,0,9,4,4,1,0.93869
5,2,0,10,4,4,1,0.9833
5,2,0,11,1,1,1,1.0402
5,2,0,12,2,2,1,1.7028
5,2,0,13,4,4,1,0.93478
5,2,0,14,2,2,1,1.2429
5,2,0,15,3,3,1,1.1577
5,2,0,16,1,1,1,1.3091
5,2,0,17,3,3,1,0.92848
5,2,0,18,3,3,1,0.87116
5,2,0,19,3,3,1,1.1231
5,2,0,20,3,3,1,0.98386
5,2,0,21,2,2,1,1.0104
5,2,0,22,3,3,1,1.1424
5,2,0,23,4,4,1,1.5708
5,2,0,24,2,2,1,1.2182
5,2,0,25,2,2,1,0.96335
5,2,0,26,1,1,1,1.3906
5,2,0,27,1,1,1,0.88666
5,2,0,28,4,4,1,1.0405
5,2,0,29,4,4,1,0.87245
5,2,0,30,4,4,1,0.64201
5,2,0,31,2,2,1,1.0153
5,2,0,32,4,4,1,1.4345
5,2,0,33,1,1,1,0.84177
5,2,0,34,3,3,1,1.0271
5,2,0,35,1,1,1,1.1492
5,2,0,36,4,4,1,1.4841
5,2,0,37,2,2,1,0.93911
5,2,0,38,3,3,1,1.5152
5,2,0,39,2,2,1,0.80013
5,2,0,40,1,1,1,1.0514
5,3,100,9,2,2,1,1.7767
5,3,100,10,2,2,1,1.4015
5,3,100,11,1,1,1,1.7714
5,3,100,12,4,4,1,1.3106
5,3,100,13,1,1,1,1.2016
5,3,100,14,3,3,1,1.4075
5,3,100,15,1,1,1,2.4665
5,3,100,16,4,4,1,1.0993
5,3,100,17,4,4,1,1.3633
5,3,100,18,1,1,1,1.5408
5,3,100,19,3,3,1,1.1366
5,3,100,20,3,3,1,0.9828
5,3,100,21,2,2,1,1.9331
5,3,100,22,1,1,1,1.4055
5,3,100,23,3,3,1,1.0132
5,3,100,24,1,1,1,1.66
5,3,100,25,4,4,1,1.3729
5,3,100,26,3,3,1,1.1255
5,3,100,27,2,2,1,1.3277
5,3,100,28,4,4,1,1.1076
5,3,100,29,1,1,1,1.3498
5,3,100,30,4,4,1,0.98495
5,3,100,31,3,3,1,0.99583
5,3,100,32,4,4,1,0.97134
5,3,100,33,2,2,1,1.5839
5,3,100,34,2,2,1,1.2177
5,3,100,35,2,2,1,1.0704
5,3,100,36,3,3,1,1.2259
5,3,100,37,2,2,1,1.106
5,3,100,38,4,4,1,1.0521
5,3,100,39,4,4,1,1.3133
5,3,100,40,4,4,1,1.4103
5,3,100,41,3,3,1,1.1006
5,3,100,42,2,2,1,1.3089
5,3,100,43,3,3,1,1.9104
5,3,100,44,1,1,1,1.289
5,3,100,45,1,1,1,1.235
5,3,100,46,1,1,1,1.3624
5,3,100,47,3,3,1,1.4031
5,3,100,48,2,2,1,1.1568
5,3,100,1,3,3,1,2.5041
5,3,100,2,2,2,1,1.2867
5,3,100,3,2,2,1,1.0293
5,3,100,4,2,2,1,1.1552
5,3,100,5,3,3,1,2.0012
5,3,100,6,3,3,1,1.5835
5,3,100,7,2,2,1,1.2208
5,3,100,8,4,4,1,1.7297
5,3,100,9,3,3,1,1.0985
5,3,100,10,1,1,1,1.5205
5,3,100,11,1,1,1,1.0963
5,3,100,12,4,4,1,1.4509
5,3,100,13,4,4,1,1.3454
5,3,100,14,3,3,1,1.623
5,3,100,15,4,4,1,1.7283
5,3,100,16,3,3,1,1.0921
5,3,100,17,4,4,1,1.5309
5,3,100,18,1,1,1,1.4803
5,3,100,19,2,2,1,2.2481
5,3,100,20,1,1,1,1.3004
5,3,100,21,2,2,1,1.0294
5,3,100,22,1,1,1,1.2375
5,3,100,23,3,3,1,1.6612
5,3,100,24,4,4,1,1.2017
5,3,100,25,2,2,1,1.259
5,3,100,26,3,3,1,1.2878
5,3,100,27,3,3,1,1.1967
5,3,100,28,2,2,1,1.0827
5,3,100,29,4,4,1,0.85507
5,3,100,30,1,1,1,1.5111
5,3,100,31,1,1,1,1.0416
5,3,100,32,1,1,1,2.1016
5,3,100,33,1,1,1,0.98309
5,3,100,34,4,4,1,1.2291
5,3,100,35,2,2,1,1.1883
5,3,100,36,3,3,1,1.339
5,3,100,37,2,2,1,2.8853
5,3,100,38,1,1,1,1.3456
5,3,100,39,4,4,1,1.0591
5,3,100,40,4,4,1,1.07
5,3,100,1,1,1,1,1.2894
5,3,100,2,3,3,1,0.98334
5,3,100,3,4,4,1,1.1878
5,3,100,4,3,3,1,1.6194
5,3,100,5,1,1,1,1.2937
5,3,100,6,2,2,1,1.1069
5,3,100,7,1,1,1,1.5462
5,3,100,8,2,2,1,0.94392
5,3,100,9,4,4,1,1.1352
5,3,100,10,4,4,1,0.89928
5,3,100,11,2,2,1,1.3479
5,3,100,12,3,3,1,1.2673
5,3,100,13,4,2,0,1.1169
5,3,100,14,4,4,1,0.91101
5,3,100,15,1,1,1,1.782
5,3,100,16,2,2,1,1.4587
5,3,100,17,4,4,1,1.1935
5,3,100,18,1,1,1,1.7592
5,3,100,19,3,3,1,1.0623
5,3,100,20,4,4,1,0.98878
5,3,100,21,2,2,1,1.2983
5,3,100,22,3,3,1,2.1544
5,3,100,23,2,2,1,1.3126
5,3,100,24,3,3,1,1.353
5,3,100,25,2,2,1,1.2654
5,3,100,26,3,3,1,1.4093
5,3,100,27,1,1,1,1.9532
5,3,100,28,3,3,1,0.86579
5,3,100,29,1,1,1,0.92375
5,3,100,30,1,1,1,1.2076
5,3,100,31,3,3,1,0.89821
5,3,100,32,4,4,1,1.0867
5,3,100,33,4,4,1,0.74322
5,3,100,34,2,2,1,1.2637
5,3,100,35,2,2,1,1.2801
5,3,100,36,1,1,1,1.5099
5,3,100,37,3,3,1,1.5375
5,3,100,38,2,2,1,1.5828
5,3,100,39,4,4,1,1.4889
5,3,100,40,1,1,1,1.7157
5,3,100,1,4,4,1,1.5676
5,3,100,2,4,4,1,0.94556
5,3,100,3,3,3,1,1.3037
5,3,100,4,1,1,1,1.6603
5,3,100,5,3,3,1,1.2338
5,3,100,6,2,2,1,1.2684
5,3,100,7,1,1,1,1.3952
5,3,100,8,4,4,1,1.4958
5,3,100,9,1,1,1,1.6101
5,3,100,10,4,4,1,1.1733
5,3,100,11,2,2,1,2.1771
5,3,100,12,2,2,1,1.4535
5,3,100,13,1,1,1,1.1727
5,3,100,14,3,3,1,1.1579
5,3,100,15,3,3,1,1.8509
5,3,100,16,4,4,1,1.2015
5,3,100,17,2,2,1,1.3053
5,3,100,18,2,2,1,2.2614
5,3,100,19,2,2,1,1.2523
5,3,100,20,1,1,1,1.239
5,3,100,21,3,3,1,1.0691
5,3,100,22,4,4,1,0.97515
5,3,100,23,1,1,1,1.5881
5,3,100,24,2,2,1,1.1076
5,3,100,25,2,2,1,1.5853
5,3,100,26,2,2,1,1.7734
5,3,100,27,4,4,1,1.0422
5,3,100,28,3,3,1,1.1352
5,3,100,29,1,1,1,1.2329
5,3,100,30,3,3,1,0.9502
5,3,100,31,1,1,1,1.7959
5,3,100,32,4,4,1,1.1037
5,3,100,33,4,4,1,1.4346
5,3,100,34,1,1,1,1.1869
5,3,100,35,1,1,1,1.5203
5,3,100,36,3,3,1,1.8588
5,3,100,37,3,3,1,1.7345
5,3,100,38,3,3,1,2.0642
5,3,100,39,4,4,1,1.9644
5,3,100,40,2,2,1,1.1122
5,3,100,1,4,4,1,1.3265
5,3,100,2,4,4,1,1.8025
5,3,100,3,1,1,1,1.1311
5,3,100,4,3,3,1,0.89347
5,3,100,5,1,1,1,1.6531
5,3,100,6,2,2,1,1.9941
5,3,100,7,3,3,1,1.0855
5,3,100,8,4,4,1,1.4167
5,3,100,9,3,3,1,2.0073
5,3,100,10,2,2,1,1.077
5,3,100,11,1,1,1,1.5276
5,3,100,12,3,3,1,1.1003
5,3,100,13,2,2,1,0.83177
5,3,100,14,4,4,1,0.71094
5,3,100,15,1,1,1,0.77495
5,3,100,16,1,1,1,1.1859
5,3,100,17,2,2,1,1.6611
5,3,100,18,2,2,1,1.0977
5,3,100,19,4,4,1,1.0551
5,3,100,20,3,3,1,1.2605
5,3,100,21,4,4,1,1.1207
5,3,100,22,2,2,1,1.126
5,3,100,23,4,4,1,0.98102
5,3,100,24,1,1,1,1.2771
5,3,100,25,3,2,0,1.47
5,3,100,26,2,2,1,1.2952
5,3,100,27,2,2,1,1.5902
5,3,100,28,1,1,1,1.2575
5,3,100,29,2,2,1,1.071
5,3,100,30,2,2,1,1.6859
5,3,100,31,1,1,1,1.0986
5,3,100,32,3,3,1,1.0389
5,3,100,33,1,1,1,1.5447
5,3,100,34,4,4,1,1.0988
5,3,100,35,4,4,1,1.217
5,3,100,36,3,3,1,0.9754
5,3,100,37,3,3,1,0.94775
5,3,100,38,3,3,1,1.5325
5,3,100,39,1,1,1,2.1141
5,3,100,40,4,3,0,1.6697
5,3,100,1,3,3,1,1.4957
5,3,100,2,2,2,1,1.1025
5,3,100,3,3,3,1,1.2227
5,3,100,4,4,4,1,1.3223
5,3,100,5,4,4,1,1.5715
5,3,100,6,4,4,1,1.1626
5,3,100,7,1,1,1,1.0337
5,3,100,8,2,2,1,1.2378
5,3,100,9,4,4,1,2.0948
5,3,100,10,3,3,1,1.0439
5,3,100,11,3,3,1,1.9121
5,3,100,12,3,3,1,1.6919
5,3,100,13,2,2,1,1.1587
5,3,100,14,1,1,1,1.2655
5,3,100,15,2,2,1,2.1418
5,3,100,16,1,1,1,1.1805
5,3,100,17,3,3,1,2.2346
5,3,100,18,4,4,1,1.7959
5,3,100,19,2,2,1,1.5437
5,3,100,20,2,2,1,2.345
5,3,100,21,2,2,1,1.8383
5,3,100,22,3,3,1,1.2751
5,3,100,23,4,4,1,1.0879
5,3,100,24,3,3,1,1.1913
5,3,100,25,3,3,1,1.2406
5,3,100,26,1,1,1,1.6914
5,3,100,27,1,1,1,1.5248
5,3,100,28,3,3,1,1.6422
5,3,100,29,2,2,1,1.298
5,3,100,30,1,1,1,1.0701
5,3,100,31,1,1,1,0.99635
5,3,100,32,4,4,1,2.1506
5,3,100,33,2,2,1,1.1261
5,3,100,34,2,2,1,1.124
5,3,100,35,1,1,1,1.2217
5,3,100,36,1,1,1,1.9347
5,3,100,37,1,1,1,1.0821
5,3,100,38,4,4,1,1.9623
5,3,100,39,4,4,1,1.534
5,3,100,40,4,4,1,1.4766
5,3,100,1,3,3,1,2.8524
5,3,100,2,2,2,1,1.2545
5,3,100,3,2,2,1,1.0655
5,3,100,4,1,1,1,1.2224
5,3,100,5,4,4,1,0.92773
5,3,100,6,4,4,1,1.3046
5,3,100,7,4,4,1,1.2625
5,3,100,8,2,2,1,1.1477
5,3,100,9,1,1,1,1.6736
5,3,100,10,1,1,1,1.1678
5,3,100,11,1,1,1,1.0778
5,3,100,12,2,2,1,1.0401
5,3,100,13,3,3,1,1.3451
5,3,100,14,3,3,1,1.1921
5,3,100,15,3,3,1,1.109
5,3,100,16,3,3,1,1.5129
5,3,100,17,2,2,1,1.3287
5,3,100,18,3,3,1,1.0871
5,3,100,19,3,3,1,0.87216
5,3,100,20,1,1,1,1.2216
5,3,100,21,4,4,1,1.6229
5,3,100,22,1,1,1,1.2992
5,3,100,23,1,1,1,1.7202
5,3,100,24,4,4,1,1.5497
5,3,100,25,4,4,1,1.2345
5,3,100,26,2,2,1,1.6319
5,3,100,27,3,3,1,1.4076
5,3,100,28,1,1,1,1.5728
5,3,100,29,3,3,1,1.7774
5,3,100,30,4,4,1,1.055
5,3,100,31,4,4,1,1.167
5,3,100,32,1,1,1,1.204
5,3,100,33,2,2,1,1.316
5,3,100,34,4,4,1,0.98535
5,3,100,35,2,2,1,1.7414
5,3,100,36,3,3,1,1.12
5,3,100,37,1,1,1,1.2863
5,3,100,38,2,2,1,1.0449
5,3,100,39,4,4,1,1.3678
5,3,100,40,2,2,1,1.1469
5,3,100,1,2,2,1,1.7313
5,3,100,2,3,3,1,1.116
5,3,100,3,1,1,1,1.5976
5,3,100,4,3,1,0,1.2522
5,3,100,5,4,4,1,1.4775
5,3,100,6,3,3,1,1.6702
5,3,100,7,4,4,1,4.1228
5,3,100,8,4,4,1,1.0202
5,3,100,9,3,3,1,1.0768
5,3,100,10,2,2,1,1.2634
5,3,100,11,3,3,1,1.1502
5,3,100,12,3,3,1,1.5674
5,3,100,13,2,2,1,1.3368
5,3,100,14,3,3,1,1.5887
5,3,100,15,2,2,1,1.1618
5,3,100,16,4,4,1,1.2657
5,3,100,17,2,2,1,1.7008
5,3,100,18,1,1,1,1.3445
5,3,100,19,1,1,1,1.3687
5,3,100,20,2,2,1,1.3643
5,3,100,21,1,1,1,0.87782
5,3,100,22,3,3,1,1.8622
5,3,100,23,3,3,1,1.1982
5,3,100,24,1,1,1,0.97585
5,3,100,25,1,1,1,1.1161
5,3,100,26,4,4,1,1.4714
5,3,100,27,2,2,1,1.2212
5,3,100,28,1,1,1,1.0321
5,3,100,29,4,4,1,1.5592
5,3,100,30,4,4,1,1.1972
5,3,100,31,2,2,1,1.5647
5,3,100,32,2,2,1,2.2196
5,3,100,33,4,4,1,1.2494
5,3,100,34,1,1,1,1.4283
5,3,100,35,2,2,1,1.1667
5,3,100,36,3,3,1,1.7812
5,3,100,37,1,1,1,2.6585
5,3,100,38,1,1,1,1.4429
5,3,100,39,4,4,1,1.4846
5,3,100,40,4,4,1,1.2228
5,3,100,1,3,3,1,1.5933
5,3,100,2,2,2,1,1.3503
5,3,100,3,2,2,1,1.265
5,3,100,4,4,2,0,1.9929
5,3,100,5,1,1,1,1.2705
5,3,100,6,2,2,1,1.9141
5,3,100,7,2,2,1,1.1689
5,3,100,8,3,3,1,1.8499
5,3,100,9,3,3,1,1.0306
5,3,100,10,4,4,1,0.96429
5,3,100,11,2,2,1,1.0084
5,3,100,12,2,2,1,1.1723
5,3,100,13,1,1,1,1.6542
5,3,100,14,1,1,1,0.81148
5,3,100,15,3,3,1,1.0213
5,3,100,16,4,4,1,0.92412
5,3,100,17,4,4,1,0.82424
5,3,100,18,4,4,1,0.83886
5,3,100,19,3,3,1,1.5299
5,3,100,20,1,1,1,2.0286
5,3,100,21,3,3,1,1.3806
5,3,100,22,1,1,1,1.357
5,3,100,23,1,1,1,0.67284
5,3,100,24,4,3,0,1.1788
5,3,100,25,1,1,1,1.4691
5,3,100,26,3,3,1,1.0653
5,3,100,27,3,3,1,1.7716
5,3,100,28,3,3,1,2.0206
5,3,100,29,1,1,1,1.6428
5,3,100,30,2,2,1,1.1516
5,3,100,31,1,2,0,1.774
5,3,100,32,2,2,1,0.98194
5,3,100,33,1,1,1,0.85819
5,3,100,34,2,2,1,1.3139
5,3,100,35,4,4,1,1.8021
5,3,100,36,2,2,1,0.97882
5,3,100,37,4,4,1,1.0509
5,3,100,38,4,4,1,0.91265
5,3,100,39,4,4,1,1.0513
5,3,100,40,3,3,1,1.302
5,3,100,1,3,3,1,1.4025
5,3,100,2,4,4,1,0.99749
5,3,100,3,2,2,1,1.3543
5,3,100,4,3,3,1,0.91425
5,3,100,5,1,1,1,1.1223
5,3,100,6,3,3,1,1.3038
5,3,100,7,2,2,1,0.76032
5,3,100,8,4,4,1,1.0159
5,3,100,9,4,4,1,0.89304
5,3,100,10,2,2,1,0.9859
5,3,100,11,4,4,1,0.86146
5,3,100,12,3,3,1,0.92872
5,3,100,13,1,1,1,1.0388
5,3,100,14,1,1,1,0.76502
5,3,100,15,4,4,1,0.90231
5,3,100,16,4,4,1,1.6896
5,3,100,17,1,1,1,0.77615
5,3,100,18,3,3,1,1.4531
5,3,100,19,3,3,1,1.5015
5,3,100,20,2,2,1,0.94345
5,3,100,21,1,1,1,1.0546
5,3,100,22,4,2,0,2.1783
5,3,100,23,2,2,1,1.4954
5,3,100,24,3,3,1,1.3096
5,3,100,25,4,4,1,1.9535
5,3,100,26,1,1,1,1.7357
5,3,100,27,2,2,1,0.87679
5,3,100,28,1,1,1,0.98583
5,3,100,29,4,4,1,1.0466
5,3,100,30,2,2,1,1.2257
5,3,100,31,3,3,1,1.6958
5,3,100,32,2,2,1,1.6614
5,3,100,33,3,3,1,2.1922
5,3,100,34,1,1,1,1.2192
5,3,100,35,4,2,0,1.1408
5,3,100,36,2,2,1,1.5965
5,3,100,37,3,3,1,0.86155
5,3,100,38,1,1,1,1.1278
5,3,100,39,1,1,1,1.4127
5,3,100,40,2,2,1,0.86739
5,4,350,9,2,2,1,0.96572
5,4,350,10,2,2,1,1.1869
5,4,350,11,4,4,1,1.1111
5,4,350,12,2,2,1,1.3716
5,4,350,13,1,1,1,1.1378
5,4,350,14,4,4,1,0.96759
5,4,350,15,3,3,1,1.1801
5,4,350,16,2,2,1,1.2641
5,4,350,17,2,2,1,1.6652
5,4,350,18,3,3,1,1.0216
5,4,350,19,4,4,1,1.1928
5,4,350,20,1,1,1,1.0989
5,4,350,21,1,1,1,1.0566
5,4,350,22,2,2,1,1.2812
5,4,350,23,4,4,1,1.1224
5,4,350,24,1,1,1,1.0856
5,4,350,25,1,1,1,1.1977
5,4,350,26,3,3,1,1.0191
5,4,350,27,4,4,1,1.1674
5,4,350,28,4,4,1,0.92029
5,4,350,29,3,3,1,0.97524
5,4,350,30,3,3,1,1.5873
5,4,350,31,3,3,1,1.3944
5,4,350,32,4,4,1,1.1294
5,4,350,33,3,3,1,0.88743
5,4,350,34,2,2,1,1.1753
5,4,350,35,1,1,1,1.3443
5,4,350,36,2,2,1,1.2331
5,4,350,37,1,1,1,1.552
5,4,350,38,3,3,1,1.4952
5,4,350,39,4,4,1,1.1293
5,4,350,40,1,1,1,1.5933
5,4,350,41,3,3,1,0.95514
5,4,350,42,4,4,1,1.3441
5,4,350,43,2,2,1,1.4174
5,4,350,44,1,1,1,1.2806
5,4,350,45,3,3,1,1.1165
5,4,350,46,4,4,1,1.3198
5,4,350,47,2,2,1,1.3553
5,4,350,48,1,1,1,1.1902
5,4,350,1,4,4,1,1.4221
5,4,350,2,3,3,1,1.457
5,4,350,3,2,2,1,1.4788
5,4,350,4,2,2,1,1.4853
5,4,350,5,2,2,1,1.2711
5,4,350,6,3,3,1,1.3149
5,4,350,7,1,1,1,0.93976
5,4,350,8,2,4,0,1.4739
5,4,350,9,2,2,1,1.1636
5,4,350,10,4,4,1,1.054
5,4,350,11,3,3,1,1.3727
5,4,350,12,1,1,1,1.3461
5,4,350,13,2,2,1,1.6189
5,4,350,14,3,3,1,1.0343
5,4,350,15,1,1,1,1.115
5,4,350,16,4,4,1,1.4848
5,4,350,17,3,3,1,0.99661
5,4,350,18,2,2,1,1.2551
5,4,350,19,4,4,1,1.1234
5,4,350,20,4,4,1,1.1002
5,4,350,21,3,3,1,1.5817
5,4,350,22,3,3,1,2.001
5,4,350,23,3,3,1,1.3935
5,4,350,24,2,2,1,1.3755
5,4,350,25,4,4,1,1.3013
5,4,350,26,1,1,1,1.1393
5,4,350,27,1,1,1,1.4538
5,4,350,28,4,4,1,1.9362
5,4,350,29,4,4,1,1.6192
5,4,350,30,4,4,1,1.3505
5,4,350,31,2,2,1,1.5597
5,4,350,32,1,1,1,1.4255
5,4,350,33,1,1,1,1.7334
5,4,350,34,1,1,1,1.4527
5,4,350,35,2,2,1,1.2548
5,4,350,36,3,3,1,1.8603
5,4,350,37,4,4,1,1.263
5,4,350,38,1,1,1,1.1688
5,4,350,39,3,3,1,1.5779
5,4,350,40,1,1,1,1.7496
5,4,350,1,2,2,1,1.2927
5,4,350,2,2,2,1,1.9629
5,4,350,3,1,1,1,0.81855
5,4,350,4,1,1,1,1.3961
5,4,350,5,4,4,1,1.0452
5,4,350,6,2,2,1,1.3882
5,4,350,7,4,4,1,1.4206
5,4,350,8,4,4,1,1.0266
5,4,350,9,1,1,1,1.3421
5,4,350,10,4,4,1,1.1065
5,4,350,11,4,4,1,1.1566
5,4,350,12,1,1,1,1.2642
5,4,350,13,1,1,1,1.4543
5,4,350,14,3,3,1,1.1108
5,4,350,15,3,3,1,1.514
5,4,350,16,2,2,1,1.1812
5,4,350,17,3,3,1,0.96436
5,4,350,18,3,3,1,1.7003
5,4,350,19,1,1,1,1.1677
5,4,350,20,3,3,1,1.3739
5,4,350,21,4,4,1,1.0502
5,4,350,22,3,3,1,0.98793
5,4,350,23,2,2,1,0.99515
5,4,350,24,4,4,1,1.4965
5,4,350,25,3,3,1,1.6207
5,4,350,26,4,4,1,1.3454
5,4,350,27,1,1,1,1.0094
5,4,350,28,2,2,1,1.6541
5,4,350,29,1,1,1,1.2732
5,4,350,30,2,2,1,1.7662
5,4,350,31,1,1,1,0.91553
5,4,350,32,3,3,1,1.1609
5,4,350,33,2,2,1,1.8523
5,4,350,34,4,4,1,1.1843
5,4,350,35,2,2,1,1.9874
5,4,350,36,3,3,1,2.1125
5,4,350,37,4,4,1,2.8059
5,4,350,38,1,3,0,3.7453
5,4,350,39,2,2,1,1.4832
5,4,350,40,3,3,1,1.779
5,4,350,1,3,3,1,1.213
5,4,350,2,1,1,1,1.0016
5,4,350,3,2,2,1,1.4787
5,4,350,4,3,3,1,1.5385
5,4,350,5,4,4,1,1.2687
5,4,350,6,4,4,1,1.4171
5,4,350,7,4,4,1,1.6436
5,4,350,8,1,1,1,1.8433
5,4,350,9,3,3,1,1.4309
5,4,350,10,1,1,1,1.0138
5,4,350,11,4,4,1,1.8819
5,4,350,12,2,2,1,1.0804
5,4,350,13,4,4,1,1.0791
5,4,350,14,1,1,1,1.0076
5,4,350,15,2,2,1,1.1602
5,4,350,16,3,3,1,1.1735
5,4,350,17,3,3,1,1.0731
5,4,350,18,3,3,1,1.1097
5,4,350,19,2,2,1,1.0459
5,4,350,20,4,4,1,1.2965
5,4,350,21,3,3,1,1.65
5,4,350,22,2,2,1,1.2976
5,4,350,23,3,3,1,0.99624
5,4,350,24,4,4,1,1.2311
5,4,350,25,4,4,1,1.2431
5,4,350,26,1,1,1,1.5721
5,4,350,27,2,2,1,1.204
5,4,350,28,1,1,1,1.0494
5,4,350,29,2,2,1,1.05
5,4,350,30,4,4,1,1.6008
5,4,350,31,3,3,1,1.6957
5,4,350,32,3,3,1,1.8583
5,4,350,33,1,1,1,1.1269
5,4,350,34,2,2,1,1.381
5,4,350,35,4,4,1,1.4147
5,4,350,36,1,1,1,1.5764
5,4,350,37,1,1,1,1.077
5,4,350,38,2,2,1,1.4393
5,4,350,39,2,2,1,1.4325
5,4,350,40,1,1,1,1.3803
5,4,350,1,4,4,1,1.2394
5,4,350,2,3,3,1,1.2389
5,4,350,3,3,3,1,1.0378
5,4,350,4,3,3,1,1.1176
5,4,350,5,1,1,1,0.95498
5,4,350,6,4,4,1,1.2491
5,4,350,7,1,1,1,1.5369
5,4,350,8,1,1,1,0.96132
5,4,350,9,2,2,1,1.2885
5,4,350,10,2,2,1,0.93167
5,4,350,11,1,1,1,1.1154
5,4,350,12,2,2,1,1.2563
5,4,350,13,1,1,1,1.2152
5,4,350,14,4,4,1,1.352
5,4,350,15,2,2,1,1.09
5,4,350,16,1,1,1,1.2118
5,4,350,17,1,1,1,1.14
5,4,350,18,2,2,1,1.3484
5,4,350,19,1,1,1,1.2632
5,4,350,20,1,1,1,1.2097
5,4,350,21,3,3,1,1.0975
5,4,350,22,3,3,1,1.3705
5,4,350,23,3,3,1,1.0934
5,4,350,24,3,3,1,1.4775
5,4,350,25,2,2,1,1.1734
5,4,350,26,3,3,1,1.5628
5,4,350,27,4,4,1,1.2673
5,4,350,28,3,3,1,1.2613
5,4,350,29,2,2,1,1.2505
5,4,350,30,3,3,1,2.0203
5,4,350,31,4,4,1,1.8349
5,4,350,32,4,4,1,2.0152
5,4,350,33,2,2,1,2.0571
5,4,350,34,4,4,1,1.7662
5,4,350,35,2,2,1,1.6818
5,4,350,36,4,4,1,1.7766
5,4,350,37,1,1,1,1.2058
5,4,350,38,2,2,1,1.0826
5,4,350,39,4,4,1,1.6254
5,4,350,40,4,4,1,2.2031
5,4,350,1,2,2,1,1.144
5,4,350,2,1,1,1,1.2614
5,4,350,3,1,1,1,0.99954
5,4,350,4,3,3,1,1.2966
5,4,350,5,2,2,1,1.3062
5,4,350,6,2,2,1,1.1789
5,4,350,7,2,2,1,1.3155
5,4,350,8,4,4,1,1.7449
5,4,350,9,3,3,1,1.5584
5,4,350,10,1,1,1,1.3431
5,4,350,11,4,4,1,1.7701
5,4,350,12,2,4,0,1.6403
5,4,350,13,2,2,1,1.4465
5,4,350,14,3,3,1,2.0024
5,4,350,15,4,4,1,1.2687
5,4,350,16,3,3,1,1.1933
5,4,350,17,4,4,1,1.6248
5,4,350,18,4,4,1,1.4062
5,4,350,19,1,1,1,1.7326
5,4,350,20,4,4,1,1.0988
5,4,350,21,1,1,1,1.1277
5,4,350,22,4,4,1,1.3302
5,4,350,23,2,2,1,1.4051
5,4,350,24,1,1,1,1.1783
5,4,350,25,4,4,1,1.3558
5,4,350,26,3,3,1,1.6179
5,4,350,27,3,3,1,1.0061
5,4,350,28,1,1,1,1.3955
5,4,350,29,2,2,1,1.4025
5,4,350,30,1,1,1,1.4229
5,4,350,31,1,1,1,1.364
5,4,350,32,4,4,1,2.493
5,4,350,33,2,2,1,2.5917
5,4,350,34,3,3,1,2.1769
5,4,350,35,2,2,1,1.2169
5,4,350,36,3,3,1,1.4703
5,4,350,37,3,3,1,1.3691
5,4,350,38,4,4,1,1.3571
5,4,350,39,1,1,1,2.0269
5,4,350,40,3,3,1,1.7506
5,4,350,1,1,1,1,1.6014
5,4,350,2,3,3,1,1.2523
5,4,350,3,2,2,1,1.6502
5,4,350,4,1,1,1,1.2878
5,4,350,5,1,1,1,1.356
5,4,350,6,2,2,1,1.6359
5,4,350,7,2,2,1,1.889
5,4,350,8,3,3,1,1.5496
5,4,350,9,2,2,1,1.2506
5,4,350,10,3,3,1,1.631
5,4,350,11,3,3,1,1.6551
5,4,350,12,1,1,1,1.5601
5,4,350,13,1,1,1,1.3675
5,4,350,14,2,2,1,1.4725
5,4,350,15,3,3,1,1.632
5,4,350,16,2,2,1,2.0262
5,4,350,17,4,4,1,1.9018
5,4,350,18,4,4,1,1.9435
5,4,350,19,3,3,1,1.7636
5,4,350,20,2,2,1,1.2812
5,4,350,21,3,3,1,1.6214
5,4,350,22,4,4,1,2.3033
5,4,350,23,3,3,1,1.8708
5,4,350,24,4,4,1,2.8123
5,4,350,25,1,1,1,2.0777
5,4,350,26,4,4,1,1.9834
5,4,350,27,4,4,1,1.8201
5,4,350,28,2,2,1,1.6042
5,4,350,29,1,1,1,1.2391
5,4,350,30,4,4,1,1.5356
5,4,350,31,2,2,1,1.9641
5,4,350,32,2,2,1,1.6052
5,4,350,33,4,4,1,1.6611
5,4,350,34,1,1,1,1.8854
5,4,350,35,4,4,1,1.1433
5,4,350,36,1,1,1,1.3738
5,4,350,37,3,2,0,2.3321
5,4,350,38,4,4,1,1.4419
5,4,350,39,1,1,1,1.4278
5,4,350,40,3,3,1,1.237
5,4,350,1,2,2,1,1.0853
5,4,350,2,2,2,1,1.9013
5,4,350,3,1,1,1,1.4905
5,4,350,4,4,4,1,1.1282
5,4,350,5,4,4,1,1.156
5,4,350,6,3,3,1,1.3232
5,4,350,7,1,1,1,1.2489
5,4,350,8,2,2,1,1.2824
5,4,350,9,2,2,1,1.6401
5,4,350,10,4,4,1,1.2169
5,4,350,11,2,2,1,1.252
5,4,350,12,4,4,1,1.3561
5,4,350,13,3,3,1,1.4913
5,4,350,14,1,1,1,1.2529
5,4,350,15,4,4,1,1.7207
5,4,350,16,4,4,1,1.4326
5,4,350,17,4,4,1,1.9156
5,4,350,18,4,4,1,1.1535
5,4,350,19,3,3,1,1.3366
5,4,350,20,1,1,1,1.5967
5,4,350,21,2,2,1,2.0488
5,4,350,22,3,3,1,1.4162
5,4,350,23,1,1,1,1.6738
5,4,350,24,3,3,1,2.0218
5,4,350,25,3,3,1,1.724
5,4,350,26,2,2,1,1.2008
5,4,350,27,3,3,1,1.3157
5,4,350,28,1,1,1,1.2802
5,4,350,29,3,3,1,1.4866
5,4,350,30,3,3,1,1.6753
5,4,350,31,1,1,1,1.51
5,4,350,32,4,4,1,1.9367
5,4,350,33,4,4,1,2.1512
5,4,350,34,2,2,1,1.3088
5,4,350,35,1,1,1,1.6649
5,4,350,36,1,1,1,1.5427
5,4,350,37,3,3,1,1.4214
5,4,350,38,2,2,1,1.2191
5,4,350,39,2,2,1,1.7156
5,4,350,40,1,1,1,1.2272
5,4,350,1,2,2,1,1.879
5,4,350,2,1,1,1,1.5373
5,4,350,3,2,2,1,2.2291
5,4,350,4,1,1,1,1.3013
5,4,350,5,3,3,1,1.0545
5,4,350,6,4,4,1,1.086
5,4,350,7,1,1,1,1.588
5,4,350,8,3,3,1,1.2595
5,4,350,9,3,3,1,0.98392
5,4,350,10,1,1,1,2.6736
5,4,350,11,3,3,1,1.8565
5,4,350,12,2,2,1,3.1852
5,4,350,13,4,4,1,1.5928
5,4,350,14,1,1,1,1.3047
5,4,350,15,2,2,1,2.1523
5,4,350,16,3,3,1,2.0726
5,4,350,17,1,1,1,1.324
5,4,350,18,3,3,1,1.2636
5,4,350,19,3,3,1,1.25
5,4,350,20,3,3,1,1.47
5,4,350,21,4,4,1,1.2632
5,4,350,22,4,4,1,2.3135
5,4,350,23,3,3,1,1.6669
5,4,350,24,4,4,1,1.0288
5,4,350,25,1,1,1,1.2884
5,4,350,26,2,2,1,1.1894
5,4,350,27,2,2,1,2.0964
5,4,350,28,2,2,1,1.2785
5,4,350,29,1,1,1,3.2974
5,4,350,30,4,4,1,1.6587
5,4,350,31,2,2,1,1.3429
5,4,350,32,2,2,1,1.1946
5,4,350,33,4,4,1,2.9864
5,4,350,34,4,4,1,1.7823
5,4,350,35,4,4,1,1.8245
5,4,350,36,1,1,1,2.3023
5,4,350,37,1,1,1,1.0885
5,4,350,38,4,4,1,1.3596
5,4,350,39,3,3,1,1.6987
5,4,350,40,2,2,1,2.2291
5,4,350,1,4,4,1,1.121
5,4,350,2,2,2,1,1.0526
5,4,350,3,3,3,1,1.5434
5,4,350,4,3,3,1,1.3416
5,4,350,5,3,3,1,1.7541
5,4,350,6,2,2,1,1.6179
5,4,350,7,4,4,1,1.4399
5,4,350,8,4,4,1,2.2452
5,4,350,9,2,2,1,1.6671
5,4,350,10,1,1,1,1.9034
5,4,350,11,1,1,1,2.2613
5,4,350,12,4,4,1,1.7893
5,4,350,13,2,2,1,1.8904
5,4,350,14,2,2,1,2.0258
5,4,350,15,3,3,1,1.2474
5,4,350,16,1,1,1,1.3324
5,4,350,17,4,4,1,1.3275
5,4,350,18,3,3,1,1.1775
5,4,350,19,1,1,1,1.1401
5,4,350,20,3,3,1,1.4469
5,4,350,21,3,3,1,1.5921
5,4,350,22,2,2,1,2.3378
5,4,350,23,2,2,1,1.6339
5,4,350,24,4,4,1,1.159
5,4,350,25,3,3,1,1.6961
5,4,350,26,1,1,1,1.5654
5,4,350,27,4,4,1,1.2003
5,4,350,28,1,1,1,1.5273
5,4,350,29,3,3,1,1.2234
5,4,350,30,1,1,1,1.4803
5,4,350,31,2,2,1,2.0673
5,4,350,32,4,4,1,1.1246
5,4,350,33,2,2,1,1.6032
5,4,350,34,1,1,1,1.9369
5,4,350,35,4,4,1,1.6844
5,4,350,36,1,1,1,1.2358
5,4,350,37,3,3,1,1.5793
5,4,350,38,4,4,1,1.6182
5,4,350,39,2,2,1,1.621
5,4,350,40,1,1,1,1.1943
